7200
4000
4000
3700
3600
3500
3400
3300
3200
3300
3400
3200
3300
6800
3300
3200
3300
3200
3300
3200
3000
3200
3300
3100
3100
3200
3100
3300
3300
3200
3200
3500
3400
3200
3200
3100
3300
3300
3300
3200
3200
3300
9200
3100
3200
3300
3100
3100
3200
3200
3200
3200
3100
3100
3300
3100
3200
3200
3200
3100
3200
3100
3200
3400
3300
3200
3200
3200
3300
3100
3300
3100
3900
3800
3700
3400
3500
3400
3400
3400
3400
3400
3300
3200
3100
3200
3300
3100
2900
3300
3200
3200
3100
3300
3200
3100
3100
3200
15000
3400
3300
3100
3100
3100
3100
3000
3000
3300
3200
3100
3200
3200
3100
3100
2900
3000
4200
3800
3700
3500
3400
3500
3500
3300
3400
3300
3300
3300
3300
3300
3300
3300
3200
3200
3100
3200
3100
3100
3200
3000
3300
3300
3100
3100
3100
3400
3200
3000
3000
2900
2900
3100
3100
3100
3000
3000
3000
3000
3100
3000
3000
2900
3000
3000
3000
3000
3100
2900
3000
2900
3000
3100
3400
3100
4000
3400
3400
3600
3300
3400
3400
3400
3300
3400
3200
3100
3100
3100
3200
3400
3200
3200
11200
3200
3100
3200
3200
3100
3100
3000
3100
3100
3100
3200
3100
3100
3000
3300
3100
3100
3200
3200
3200
3200
3200
3200
3200
3200
3100
3100
3100
3200
3300
3200
3300
3300
3300
3200
3200
3300
3100
3100
3200
3300
3300
3300
3200
3200
3200
3100
3100
3200
3400
3400
3400
3300
3200
3200
3200
3100
3000
3200
3200
3200
3000
3200
3100
3200
3100
3000
3000
3300
3200
3100
3100
3200
3200
3200
3200
3100
3300
3300
3200
3100
3300
3200
3100
3200
3100
3100
3100
3100
3200
3100
3200
3300
3200
3200
3300
3200
3100
3200
3300
3200
3300
3200
3100
3300
3300
3200
3200
3100
3000
3000
3100
3100
3200
3000
2800
3000
3100
3000
3100
3300
3000
3100
3200
3000
3100
3100
3100
3300
3400
3200
3300
3200
7200
3200
3200
3300
3000
3200
3100
3200
3300
3200
3100
3100
3200
3200
3200
3100
3400
3400
3500
3300
3200
3200
3000
3100
3300
3300
3300
3300
3300
3200
3300
3200
3200
3300
3100
3300
3400
3400
3400
3300
3300
3200
3500
3600
3200
3200
3300
3200
3200
3200
3200
3200
3300
3200
3100
3200
3400
3200
22700
3200
3300
3300
3300
3300
3200
3300
3200
3200
3200
3200
3300
3300
3200
3200
3000
3100
3400
3100
3000
3200
3100
3100
3200
3200
3000
2900
3000
3000
3200
3100
3100
3200
3100
3000
3000
3200
3200
3300
3200
3200
3300
3100
3200
3300
3300
3100
3300
3300
3200
3200
3300
3100
3300
3300
3200
3500
3300
3300
3200
3200
3300
3200
3400
3300
3500
3200
3200
3200
3300
3200
3200
3300
3400
3400
3300
3500
3400
3300
3300
3300
3400
3200
3500
3200
3200
3200
3200
3200
3200
3000
3200
3500
3200
3300
3300
3100
3200
3300
3200
3400
3700
3200
3300
3200
3100
3200
3300
3300
3400
3400
3200
3200
3300
3200
3200
3200
3200
3100
3300
3200
3100
3100
3200
3100
3100
3200
3100
3300
3000
3100
3100
3200
3100
3000
3000
3200
3500
3400
3100
3100
3200
3100
3200
3100
3100
3300
3200
3300
3200
3200
3100
3200
3100
3200
3300
3200
3300
3200
3200
3200
3100
3200
3200
3400
3200
3300
3100
3200
3100
3200
3200
3300
3400
3200
3200
3300
3300
3300
3400
3200
7200
3600
3300
3200
3200
3200
3200
3500
3400
3200
3500
3300
3300
3400
3100
3300
3300
3300
3400
3500
3300
3300
3300
3600
3100
3200
3200
3200
3300
3500
3200
3400
3300
3400
3300
3100
3100
3300
3200
3000
3100
3100
3000
3100
3000
3100
3400
3200
3200
3100
3100
3200
3300
3000
3100
3300
4100
3700
3500
3500
3400
3400
3300
3200
3600
3300
3300
3300
3300
3200
3300
3200
3100
3300
3200
3200
3300
3400
3300
3200
3300
3300
3600
3300
3200
3200
3300
3200
3200
3200
3200
3400
3200
3300
3300
3200
3200
3300
3400
3200
3400
3200
3300
3300
3100
3100
3200
3200
3300
3500
3500
3400
3300
3300
3300
3400
3400
3600
3500
3400
3300
3300
3200
3300
3300
3200
3200
3500
3400
3400
3300
3400
3300
3200
3300
3200
3200
3100
3300
3100
3100
3200
3200
3200
3100
3300
3000
8200
3100
3000
3100
3200
3200
3000
3400
3500
3200
3300
3100
3100
3200
3100
3100
3300
3100
3100
3100
3100
3200
3100
3100
3100
3300
3000
3100
3000
3300
3400
3300
3300
3300
3500
3200
3200
3300
3100
3100
3100
3100
3100
3400
3300
3400
3200
3300
3300
3200
3400
3200
3700
3300
3400
34400
3200
3300
3300
3200
3100
3300
3200
3000
3100
3300
3200
3200
3200
3200
3300
3200
3200
3200
3200
3200
3200
3200
3100
3300
3100
3200
3300
3300
3300
3100
3300
3300
3400
3000
3100
3000
3000
3000
3100
3100
3100
3300
3100
3100
3200
3100
3100
3000
3200
3100
3300
3100
3000
2900
3100
3000
3000
3100
3100
3300
3000
3100
3100
3000
3100
3200
3000
3000
3300
3200
3200
3000
3100
3200
3200
3100
3000
3300
3100
3200
3100
3100
3100
3100
3100
3300
3200
3200
3200
3200
3200
3100
3100
3200
3100
3200
3200
3100
3000
3200
3100
3200
3200
3300
3300
3200
3100
3000
3100
3100
3100
3100
3100
3400
3100
3200
3200
3300
3300
3400
3200
3100
3300
3100
3200
3200
3300
3200
3200
3200
3300
3300
3100
3100
3200
3100
3100
3200
3000
3000
3200
3100
7100
3000
3000
3100
3100
3100
3200
3300
3200
3200
3300
3200
3400
3300
3200
3100
3200
3100
3100
3300
3100
3000
3000
3000
3000
3400
10500
3100
3100
3100
3300
3200
3300
3100
3500
3300
3300
3400
3300
3300
3200
3300
3100
3600
3300
3200
3200
3200
3200
3400
3300
3400
3500
3400
3300
3400
3200
3100
3200
3200
3300
3500
3300
3300
3100
3100
3100
3200
3100
3100
3400
3100
3200
3300
3200
3200
3200
3400
3200
3600
3200
3200
3200
3300
3200
3300
3200
3200
3600
