28000
4600
4300
4000
4200
4200
4100
3800
4000
4100
3900
4100
5700
3500
3600
3600
3700
3600
3100
3300
3200
3200
3200
3300
4700
3100
3100
3000
3200
3300
3100
3100
3300
3200
3300
3200
3100
3400
3300
3200
3200
3300
3300
3200
3200
3100
3100
3300
5800
3100
3000
3000
2900
3100
3000
3300
3300
3300
3200
3200
3100
3000
3100
3200
3100
3200
3200
3100
3200
3100
3100
3000
3000
3000
3100
3100
3200
3200
3100
3100
3000
3000
3100
3100
3400
3200
3100
3100
3100
3100
3200
3000
3100
3100
3100
3300
7800
3000
3300
3200
