10300
15700
10700
19600
10900
10700
11700
10400
18300
10800
10800
11000
10800
11900
10700
14800
10700
10600
10700
10800
10700
13800
10700
11000
14700
10600
32800
31200
11000
10700
10400
10300
11000
14000
10500
14400
15000
10800
10700
10700
11900
10700
14500
10900
10400
10600
11500
18500
15900
21700
15900
15200
15100
48100
37900
10600
15600
10500
10900
10500
10700
10700
16200
6500
8000
6700
6600
12000
6700
6400
6500
9900
6800
9600
6700
6700
10100
6600
6500
6700
6800
6600
6700
10100
6600
9900
6700
6800
6700
6800
6800
31800
6700
6600
6700
6600
10000
6400
6500
6900
