6600
13700
6700
6700
6800
6700
13600
6900
6400
6300
7900
6200
6000
6200
8000
6100
42600
53100
23600
5500
8800
5200
5200
5300
5300
5100
5200
8400
5300
4900
5200
4900
5100
4900
5100
8500
5100
5300
5200
5100
8200
4900
5200
31500
7600
33700
5300
8600
5200
5000
4900
12600
5100
5000
5300
5000
5000
4900
4900
5100
8300
4900
4800
7700
9700
7600
5100
7300
5500
25900
5400
21600
4800
4800
4900
7800
4500
4600
4500
4600
4600
4600
7800
4400
4600
4400
4400
4600
4500
4800
4700
4700
4500
4600
4400
7800
4400
4600
5100
4700
5400
5000
5000
4800
4800
4900
8700
4800
4600
4700
4800
4700
5400
5100
4900
8100
4700
4500
4600
4700
4700
4800
4700
4800
4700
4700
4700
4800
4800
7900
4600
4400
4500
4600
30100
18400
7200
3800
3600
3500
3600
3400
3700
3800
3700
25600
4000
3900
3700
3700
3800
3900
3700
3600
3700
3800
4000
3800
9700
4000
4000
3900
3900
3600
7400
6900
3700
3800
4000
3600
4000
3800
7800
4100
3800
4100
3900
4100
4000
3700
3900
3900
3700
3600
3700
6900
3800
3600
3700
3800
4000
4000
6900
3800
3900
3800
3600
3800
3800
3900
3800
3900
3800
3900
3800
3800
3800
6900
3600
7000
4400
4200
4200
3900
3700
4000
4000
4000
4000
4100
7000
4100
3900
3600
3600
3900
3600
11400
3600
3900
3900
3700
3800
3800
3800
3700
3800
3800
3900
3700
6900
3800
3600
3500
3500
3700
3600
7100
3600
3600
3700
3600
3600
3700
3600
3700
3800
3500
3700
3600
3900
6700
3800
3700
3900
3800
3800
6600
3700
3500
3600
3700
3500
3700
3600
3700
3600
3600
6900
3700
3600
3600
3900
3700
3800
7300
3700
3600
3500
3700
3600
3700
3800
3600
3600
3500
3600
3600
7000
3900
3700
3600
3600
3800
3700
6900
3500
3600
4100
3700
3600
3700
3400
3500
3700
3500
3700
3800
6800
3500
3600
3600
3700
3700
3600
3500
3800
3700
3600
3700
3700
3800
6900
3800
3900
3800
3800
3700
3700
6800
3500
3600
3700
3800
3500
3600
3500
3600
3600
3700
3600
3500
6800
3600
3700
3600
3700
3800
3700
7100
3600
3800
28600
3700
3700
3700
3500
3500
18600
3800
3800
3500
6700
3500
3500
3500
3600
3500
3800
6600
3400
3400
3500
3600
3400
3600
3400
3700
4400
4100
3800
3700
7000
3800
3700
3700
3800
3700
3700
6800
3500
3600
3600
3400
3700
3700
11400
3700
3800
3900
3700
3400
3600
3600
3600
3600
3600
7200
4000
3900
33200
5600
5600
5400
5500
5600
9500
20500
3900
3800
3800
3800
3600
3700
3400
3400
3400
3300
3300
6500
3300
3300
3500
4000
3700
3700
6800
3600
3600
3500
9100
6900
3400
3500
3500
3400
3500
3600
3600
3500
3500
3400
3500
3400
3400
42100
4200
3800
3700
3700
3600
5400
3700
6500
3600
3600
3300
3000
2900
3000
5900
2600
2800
2900
2900
2700
2600
2800
2700
2500
2700
2700
2900
6200
2500
2600
2700
2600
2800
2800
5900
2800
2700
2900
2800
3300
2700
2600
2700
3000
2700
2700
2600
2800
2800
2800
2900
2700
2900
2600
5700
2600
2700
2500
3000
2500
2400
3000
2700
6700
2800
2500
2800
5900
2700
2800
2700
2500
2700
2500
5900
2700
2600
2700
2900
2700
2800
2800
2700
2500
2700
2600
3200
6400
2900
2800
2500
2900
2700
2700
5800
2600
2800
2600
2700
2800
2800
2800
2700
2600
3200
3300
3200
6100
2900
3300
3000
2800
3200
3000
6400
2700
2700
2800
2700
2800
2700
2700
2800
2700
2700
2800
2600
2800
6000
2800
2700
3100
2700
2700
2900
6200
2800
2800
2800
2800
3000
2900
2700
2600
2600
2700
2800
2700
5900
2600
2600
2700
2700
2700
2800
5900
2600
2800
2700
2500
2500
2800
2600
2500
2700
2800
2900
2800
6100
2600
2600
2700
2600
2700
2600
2900
2800
2700
2900
2700
2700
2800
2700
2900
2600
2600
2700
2600
5900
2700
2700
2700
2900
2600
2600
2600
2600
2600
2700
2500
2700
6000
2700
2700
2600
2700
2600
2700
6000
2700
3000
2700
2800
2700
2900
2600
2800
2700
2900
2700
2900
5900
2600
2600
2600
2600
2700
2800
6100
2600
2500
2700
2700
2900
2700
2700
2900
2700
2600
2600
2700
6000
2600
2600
2700
3000
2800
2600
5900
2600
2600
2800
2700
2900
2700
2800
2700
2600
8900
2800
2700
2600
2900
2600
2700
2700
2800
2700
2600
2700
5800
2800
2700
2800
2600
2600
2700
5900
2800
2800
3000
2900
2800
2800
2700
2700
2800
3200
3300
3000
3100
2800
2800
3000
2800
2800
2900
6000
2800
2600
2600
2800
2800
3100
8300
3100
3200
3000
3000
3000
2900
2700
2800
2900
2800
3300
2800
6300
2800
3000
2600
2800
2900
3000
2800
2600
3500
3500
3500
3500
4300
3200
4400
4900
4300
4300
4000
3500
4100
7100
4600
4500
3400
4200
3500
3400
4400
3500
3300
3400
3700
4400
12200
4500
4300
4200
4600
4200
3400
9000
3400
4000
4500
3300
4600
4300
4300
3600
4600
3000
2900
3000
6100
2900
4400
2800
3000
2800
2900
5900
2600
2700
2700
4400
3100
3200
3100
2900
2900
2800
2800
2700
6000
3000
2700
2700
2700
2600
2700
6100
2700
2700
2800
2700
2700
2700
2800
2800
2700
2900
2600
3000
5900
2500
2600
2700
2600
2500
2700
5900
2800
2700
2600
2700
2600
2500
2600
2600
2900
2500
2700
2600
5800
2700
2600
2600
2500
2700
2500
6000
2500
2600
2600
2500
2500
2700
2700
2600
2600
2700
2500
2600
8400
2700
2500
2800
3000
2900
2700
2800
2700
2900
5800
2800
2700
2600
2600
2600
2700
9100
2600
2600
2800
2700
2800
3600
3200
3300
3000
2900
4300
3100
6000
2800
2900
2800
2900
3100
2700
6100
2900
2800
2800
2800
2700
2900
2600
2600
2900
2600
2900
2800
5800
2700
2500
2500
3000
2800
4200
3400
3000
3000
2800
2800
2700
4200
4100
2900
2900
2700
2600
2600
6300
2800
2800
2900
2800
2700
2600
2600
2700
2600
2600
2800
