43613
10068
24827
3703
39175
31226
42366
26115
76779
29198
97457
74522
96085
60229
48658
5086
76083
69217
55030
39004
33153
64590
76219
95453
14184
56459
20477
88175
45047
25030
67369
70372
64454
48745
21872
19321
36341
70750
78341
72365
89427
92815
81779
51748
33378
44640
26152
67423
20285
77052
43609
95477
75609
26616
59651
81448
14060
21798
560
71738
38570
27949
94062
36708
58062
5096
90227
22158
75632
1173
3266
40717
70920
25003
48432
1881
13903
67060
6189
40442
52688
64543
70128
49567
71352
25216
15285
18762
41417
17927
29760
75179
94495
18866
25396
11784
50204
96994
29957
17094
62101
66270
86931
34342
39483
75995
74438
42519
87106
30687
58502
56243
98429
39080
34430
75941
76483
45857
96275
62183
35820
25679
41311
74642
21686
87569
3556
36132
36107
96190
2589
93260
12158
35507
2481
62700
32823
60625
12071
54976
63944
28487
91023
51087
81833
80232
86603
18896
7915
8482
44652
34747
48254
13678
89221
62466
84095
34890
73589
396
3251
11632
34477
99453
27047
60668
7255
91892
54944
4089
76233
72928
11751
93864
85041
75025
48514
52208
67592
73196
59620
84694
75160
91051
83894
36021
59574
58704
36737
61507
84325
27220
82487
57249
7962
3036
35963
18871
2018
14776
203
64641
59214
87680
81247
86279
41237
71677
28571
45883
28131
43204
63867
23556
86563
72097
20817
51262
97747
33492
86039
96480
35019
8209
86200
49114
55840
44342
54523
81772
73433
18006
91816
15491
42172
54716
1445
2000
71196
775
8471
63950
50027
91165
37852
7192
97630
45299
89942
4593
32448
35625
3468
60054
40043
56693
31490
93472
40130
47795
99364
26694
71251
1872
34601
63746
42573
69332
22747
88333
85055
3603
5601
761
43761
82559
25948
32421
23925
68
70959
70282
58647
49284
54919
92040
65452
54838
11164
28296
50240
59706
36858
6061
65982
64516
22089
27240
23398
88039
44248
62502
7961
66117
54411
34387
94411
55465
80046
89187
99533
25216
36441
72453
23820
14240
7060
41597
76552
44807
41444
90570
69447
9361
35213
78663
78612
91077
63122
71646
11650
8074
32562
76341
62180
54018
29721
97679
93814
91428
30531
4906
53916
18939
72567
28255
28934
49987
60253
30813
2075
87260
44275
25713
71020
16609
87167
50630
10918
30216
86650
49819
50343
7201
11918
26452
34791
47308
63903
77892
84482
68691
13394
18904
46348
37722
79415
72728
50693
49687
10641
83529
96544
98761
92891
91029
3283
66169
14052
58880
35345
13071
32391
74857
16217
44531
58154
68432
91285
8025
52999
64527
49056
55808
33371
30288
94588
67687
73650
13593
74709
88684
57385
54527
25944
71907
37367
93518
33359
77415
24095
29582
2721
90952
81280
3955
11396
52217
32600
43221
69260
53484
79876
26498
90485
38761
52171
18668
27947
71352
28061
95245
58278
78683
79026
96673
23709
92348
57768
80896
39011
19844
37501
50158
9826
14813
93573
87415
98217
7662
80166
68313
48448
95017
70478
94712
97914
5234
48786
35821
37707
1896
54272
54305
92277
95344
19604
82311
23336
75306
80197
69595
92263
21415
36874
25766
64182
22428
29544
353
23009
45739
6438
77336
74757
52261
10931
11014
84240
68368
79949
87866
67428
55418
16594
90990
49628
53315
96428
8219
97949
69824
14685
48270
9485
36853
81829
43568
14040
47064
61042
44458
80365
28900
46049
6448
87725
38402
26799
85003
29803
54855
24365
93376
86152
81629
6812
94118
61917
72851
16796
43291
13817
78610
73921
16977
32299
24230
84272
76578
79139
47030
32680
57409
77458
3397
39632
45938
96505
3894
56019
4070
25590
78999
56189
64960
67812
22898
50563
62024
6549
67873
80155
11072
10856
4884
30895
64359
71110
30653
21469
50831
42234
41456
4639
33622
52739
71949
56062
89966
22285
76003
57789
36689
15410
79375
98952
57228
74635
7726
23017
4801
51750
34912
20708
82576
28783
7034
94660
57679
6593
94883
63931
20357
84085
78675
22795
24684
6008
81677
80910
7284
85113
20607
77051
36487
95160
48552
77369
10945
67587
76718
52222
60773
1627
14065
36608
59893
50560
22873
38110
20626
33634
85352
94132
14998
90500
92276
25209
4420
89984
30156
18968
74238
48334
13469
92727
31515
13005
72005
32353
88583
86328
75301
97163
26793
45332
8420
65526
25794
12881
31812
52047
32517
51295
3063
37648
93796
12123
38294
80228
98713
6076
32967
6208
19222
1296
38770
31630
87646
87893
75028
55414
73876
74515
45415
58670
25303
92734
12233
62167
4178
69188
28654
49179
55622
10376
57753
79397
93033
76889
46477
29277
29072
21717
60250
98619
67305
35125
73472
34374
60719
70301
45210
2851
62285
52210
85584
2154
72228
81525
32171
67679
81847
59877
5965
76726
94818
26994
96846
41572
48561
54870
64485
38058
8740
56156
23213
82235
83943
49676
62989
13155
96068
26433
67462
63897
50206
34701
40324
55290
59968
42836
41158
95583
69120
2746
78292
94433
7574
64794
55329
16967
50575
39543
15906
22520
90455
5935
77811
62715
9530
30218
15419
1165
2566
37376
14442
87917
80638
81498
86295
75135
30725
28925
51292
6344
49583
89773
13560
59986
23952
17940
72039
32239
10543
38656
62329
61796
5820
44064
724
44414
52746
75920
30272
73503
57471
61018
88175
4097
15492
49523
40846
91891
16864
2313
92779
45937
66828
48742
20907
69320
45033
32267
11912
92673
62137
57578
20564
83767
10032
36335
92862
70989
47269
44756
91311
74586
13829
46136
55440
77530
96993
28422
38627
49808
8919
22062
33388
98044
80842
8485
22563
74727
43505
36639
34371
29593
71373
33469
54009
98325
38110
21854
54131
85657
89162
48895
81068
17213
92878
59725
50462
87202
39806
75788
45204
92610
56823
91831
95586
56924
75659
53804
36946
75175
30783
4988
71585
9688
44473
28636
8147
79638
53831
78420
14208
87586
35731
80455
68364
81155
15020
89170
27933
37440
1359
80328
84812
57971
36520
3351
82062
70817
27045
56028
15278
71854
75669
63380
34893
9808
58672
61341
42686
19768
63587
70507
20560
54777
96624
73322
95057
16348
60320
73646
53444
58692
31583
9974
68215
58766
17534
80463
55132
83628
34526
1735
41322
31523
25519
70399
28101
24649
39748
5936
51670
46904
53755
19477
89932
12489
35577
69149
72577
20681
15070
62924
91133
13852
61494
39315
17082
55425
88876
17376
8987
53915
73886
98464
85755
77671
92210
78253
28235
49561
92723
54536
98952
35941
19410
89936
44592
128
33518
61361
40415
5672
51013
76913
12217
40969
98154
8547
24263
92553
72500
85497
85384
18109
19265
93578
49843
38316
29944
41436
68779
55874
37857
38066
52990
72935
1605
92688
39763
41110
9259
55629
61967
96903
61984
41267
55655
8744
19679
59514
2596
3774
42851
32823
8839
50294
36913
18359
62824
48748
40832
30611
55594
23651
56262
22674
6046
49086
52197
89026
36330
13426
74621
35865
52597
86616
67458
40259
29717
5318
13539
80269
42651
3485
4563
80542
13923
34431
37633
51289
97868
17370
16804
37796
65028
88875
56290
8909
4435
11750
67863
97115
78753
49022
98772
2918
85989
79089
29393
56997
27747
41327
57987
22255
55242
56514
59001
91821
86761
64644
93607
94012
76181
79332
51237
98463
16053
64115
89238
8350
7417
55111
14206
59097
51663
66260
58788
58372
90979
23373
26922
91577
29599
83086
52879
66455
30196
71415
69976
11432
75025
9522
31793
70666
53718
92932
38138
69164
45352
85286
45532
94033
92508
82458
44910
67686
53829
43654
41023
33396
2932
20555
9583
83995
16587
58424
25021
21123
80710
552
20872
45078
31510
47302
88957
6697
50979
58296
97627
11101
1706
82774
40954
68705
16704
55367
32015
61201
98739
6625
5213
71753
26107
80848
88820
94753
41975
84553
43333
51333
70826
85212
98196
25244
68769
87554
16476
74491
8145
74751
59651
53998
73794
19098
52677
21857
55930
47712
83001
29167
30408
81781
18259
75905
89612
43337
76109
40815
74653
52772
95835
68268
63350
37218
73873
46606
8994
86297
30110
617
66482
8418
6507
39513
16257
70923
42526
34993
92908
86858
25387
44200
2721
8968
6091
19789
56155
87687
38021
3356
78131
46910
61486
50106
77988
42385
51600
24962
52596
73908
25801
83732
956
54413
94360
25718
887
45968
85543
42459
44004
40118
80827
82236
98085
35547
82199
28851
15516
92497
44798
71748
44449
13846
4952
31804
94850
4969
89504
53935
94428
14461
22317
78275
88801
65378
10221
27346
4704
30215
19931
39439
37229
49788
48522
36709
61034
14065
36793
82338
64307
51914
20996
85367
33413
69891
28205
22870
15403
64917
42338
64180
27949
12856
98140
77738
47255
84928
87810
39603
23087
19558
91942
5711
27691
29524
85305
98416
31861
54103
37289
97402
60229
71001
95794
48614
82164
84744
29027
77272
39651
32648
84241
69695
48501
16301
38139
12412
94673
70153
792
35173
60268
92824
46318
77376
41514
21457
7109
51113
85497
46035
56437
16851
55396
66916
83869
51827
17361
9279
35676
68522
2151
79936
39053
7914
44229
209
25931
65855
74244
59134
82103
74618
59513
25880
31510
25038
75047
21004
67149
19093
67952
31803
7156
26762
46662
72669
68439
52373
59638
60743
77720
70715
201
25051
15313
91116
65732
81155
72344
56068
7330
89148
82029
53656
58060
32438
86564
33476
6924
10931
56458
83577
61235
70708
16094
71337
7918
57186
66228
11718
68772
81904
60990
20678
63391
22578
3630
93645
744
49757
42165
66748
23361
14521
73502
47910
14182
1254
18907
48337
33887
74041
20874
65188
21278
54401
95331
54817
14464
81434
10534
74675
6867
34514
14118
72545
31988
71267
50430
54520
55518
44055
74614
32875
53043
15868
42792
69773
58142
37910
47450
46805
12571
31158
38218
92017
33784
16262
30746
52769
56993
63000
7090
2024
95538
87451
31142
64609
54524
30931
38254
97852
47158
3986
40952
53858
72110
21914
73408
91112
38529
79776
39278
47738
92524
81460
52829
20880
19826
71388
87378
18600
78195
71101
5375
86224
34566
15931
37885
89161
89075
97017
69300
68873
41759
30737
27355
85454
69989
48723
53858
63805
89659
44881
80718
73434
56246
14136
74685
7717
18135
67739
42775
74436
6620
66001
18951
41792
59614
78503
31864
9263
10085
53888
67998
41407
94574
15088
78854
80006
70892
66561
50793
39551
65183
26955
97398
64020
88598
82145
81779
40752
98008
46852
81306
69678
15486
41172
52256
45804
69180
97458
79257
86917
38127
22941
13461
36413
7878
57829
93248
65804
33368
66346
92690
8008
6078
67105
29057
2586
29702
39054
63849
80218
67761
96360
64215
44912
49343
16080
82791
56002
54237
85953
36261
48720
571
98060
81038
19830
12488
32153
27796
70534
84635
52312
39762
74877
72044
28188
12217
68085
54748
80518
84535
80605
26926
43130
89740
28371
96818
83963
33352
29999
6440
35507
4552
14067
54991
77597
13793
72370
66272
67574
37345
39122
5675
28523
65616
22133
19400
91554
30864
39641
12483
58316
82424
41302
76126
16131
36410
97619
59324
55697
10223
17873
94415
64778
31932
6967
23230
11494
81456
17817
70249
63869
12303
28850
75355
49296
54656
81983
70235
91337
54510
25086
32751
31790
84247
20697
45229
20495
39799
2279
48287
24585
61984
14380
89139
91126
83884
39286
50508
39535
54185
52014
51184
50286
83919
80214
70591
33774
49255
31028
505
66706
37882
47440
66692
11814
36866
63453
63221
45604
91222
83116
77329
20836
72970
40774
40139
91452
74980
53973
40197
21315
23638
87666
93081
6974
17077
10676
15595
52953
77660
86757
42537
3414
29544
21428
3390
64654
65399
86696
97968
37635
94972
43293
5524
79254
43381
87109
96621
82956
59007
69250
87493
41964
67151
41591
68544
22213
96903
83008
96115
51728
77133
33366
37296
88249
46139
29857
9705
86392
71958
50002
10295
94538
81413
47911
12958
88256
78944
11084
36818
44182
90210
11014
13465
50158
90139
23999
91868
95261
13787
36259
91788
7473
75419
89005
68506
75710
78090
67047
17058
56280
45060
39493
5469
78577
32305
82483
94914
3319
4184
12151
74393
23748
84543
11913
38820
69211
58507
57777
1829
20463
54355
79656
40616
93641
25542
8240
60110
58269
66534
47482
32756
82043
2798
88839
55867
44636
86789
74150
45892
76709
12472
96998
68564
56578
29002
46810
41481
1466
26761
7646
59833
84403
19182
91703
15293
82325
27341
29568
93301
55460
7178
55736
72891
52797
17858
15616
58893
93086
979
28614
84793
9242
81230
95048
82736
17254
10190
62441
38510
4097
35750
49728
46574
55891
21570
31112
6590
40554
93290
40894
41043
36154
3220
2545
32819
31498
53404
96324
7330
3238
24293
36396
69683
29285
39183
50537
58008
76868
52371
44755
73015
31253
5997
84724
54221
67128
10349
139
93023
29744
22811
95107
20263
19554
41447
64751
6960
26280
77629
79300
42491
76413
33089
83196
29240
13566
50339
11042
681
35003
53955
25402
76694
8788
39290
91322
40425
69827
85761
79758
14996
17675
60274
70043
61830
6082
32299
18671
51870
22162
29265
79621
6368
29989
58893
6974
39835
13227
89048
82914
52395
69189
17114
5301
74984
34233
58537
72170
88019
74521
84438
3260
96562
5042
58252
14001
17995
23333
94584
34466
97074
52040
51110
35069
96136
46608
45059
8611
84208
30735
86741
64244
17837
94555
87812
55473
90402
31090
2827
5273
96475
41628
66675
78627
8331
10219
3923
73126
63619
65167
28116
56301
10287
11203
27633
60490
4012
55009
91758
31712
93659
8626
76719
25492
15104
32070
57079
28136
3375
97178
22860
65315
60688
69056
3304
62665
59253
52499
30438
36640
80550
90613
96056
79812
26969
78933
49778
47524
53772
36665
29114
27621
3216
40128
18326
65734
16412
22030
4204
27026
67811
20774
15452
62249
9519
4412
10101
49645
64963
73591
32534
64380
92284
80253
69766
2470
54244
54188
74658
61485
8755
5417
4743
19421
75667
42530
97005
57220
50396
34491
25567
53444
52466
26409
19027
93331
93496
75947
48612
45662
77033
90330
64662
59405
65176
58746
49750
2862
85372
22184
64407
59312
5322
56023
365
47085
95481
215
80255
12361
7989
45635
29412
32711
12024
74223
60460
33480
21758
88993
53491
9002
11099
57358
11346
36438
86291
59825
34636
72645
82741
88037
750
14328
65461
12863
3218
91513
88757
70809
23903
53517
31115
33472
81127
1745
38825
90851
86707
48556
18582
64960
44968
35485
77389
93326
17667
81494
55612
15190
5884
92635
87435
96705
92366
47272
24503
57649
97037
75290
67434
54758
73282
48502
58845
15070
1182
55234
89642
88883
11999
5825
91003
37569
34582
21116
52660
3129
73876
27993
3688
37090
82533
95488
9307
32498
32917
90022
26081
31079
19896
85768
55055
63018
71469
69316
5844
74638
5994
32586
72790
33068
66281
56641
88995
18440
9419
70183
63714
49134
43598
76930
62071
36582
12185
85613
52776
72390
44806
13640
41959
43763
443
26654
16661
39096
19392
83817
43664
95556
30957
42009
65368
60693
79664
43613
15640
76450
79797
43140
64685
4173
91576
47318
2377
41909
64808
49296
38126
3058
13033
41300
40216
31191
55338
64440
73681
42199
12582
70794
15200
79359
88841
65355
21702
78402
79820
53494
2386
71991
8488
70972
49256
45578
12654
25901
59445
26533
10616
73702
69217
51979
36818
72409
11401
78356
83381
93587
13416
78027
81172
49351
20469
28143
30868
85276
56148
2729
67150
86917
41462
69587
88080
25881
48551
79510
83951
25694
33944
76253
13855
905
24973
32389
81485
66747
72273
60301
75407
25195
1164
29847
21407
62376
90023
28339
93040
36113
66660
12567
67854
95566
96020
17702
960
635
30366
47934
47307
80126
33777
16621
59591
50454
34639
13928
8858
22173
31462
41157
958
87395
17891
14070
14814
63060
33905
47630
33199
52039
40764
13727
53566
95110
18212
14057
51398
96259
24578
36670
96086
89499
94593
69393
17188
21030
85681
48444
47596
86951
68693
13123
58773
52124
51456
31205
21711
47845
73164
59981
79058
92282
68470
18815
73787
37337
87969
51247
19340
41030
86149
12411
51253
28679
28372
23436
1219
66225
73489
71168
51167
54461
74201
68509
1665
74386
8279
87205
10121
92849
80831
83916
60189
94580
76704
48681
19514
94435
66412
25840
69804
47270
80285
18017
77571
15447
90685
95346
49838
11055
79210
96360
18690
20106
38244
3941
15751
2538
64909
48126
56629
25454
48840
17884
262
24370
20581
21808
35539
74612
73920
95156
76886
30125
61917
77507
46176
59865
36717
29242
86321
27331
61824
21314
78150
32732
66219
20123
7450
91860
50788
56949
29960
12381
17973
53962
26693
18309
46625
31527
91063
75861
63327
86080
88081
6927
23385
86074
22757
87785
660
68388
5885
41479
49727
76199
15306
11311
32134
75729
95886
55208
70130
49822
23415
52353
19610
39572
62996
58860
40152
68954
87687
66596
58154
34553
57727
44171
42469
95793
9565
20656
85193
37722
26677
22281
54955
71602
96963
4837
1028
60940
73164
17531
66025
5625
16624
11572
10532
42448
6418
60147
57335
10848
74234
69681
93504
2788
46451
82646
59349
7843
42539
46637
34085
81045
71563
54983
74329
5590
24501
47783
69749
76601
66382
43103
59999
9886
66618
54375
28575
96878
92199
47540
53904
96431
89899
3518
18871
55631
89770
73654
60702
33370
85292
4204
33936
32407
95242
92931
85332
14552
91015
93409
54439
2817
34652
1390
90999
43530
92898
16967
14579
86154
16173
36457
70633
58639
18337
36877
75776
26326
78261
19145
53426
81008
50159
68123
84249
46056
3584
53854
26431
2757
68746
22148
62740
88906
12599
49169
54630
2423
43329
23832
7619
45771
85954
4264
10301
76315
46992
28235
5690
94883
32674
13647
36487
76641
77820
9426
37465
60380
23410
41214
36720
17274
80789
36854
72749
75087
41681
90239
81790
53846
33124
93968
42628
8495
63786
32966
7872
19063
24965
93796
34738
52365
43624
50622
52048
7207
54944
81011
23176
682
96414
23592
5418
79076
22961
15792
17741
83484
3585
27355
37813
29820
79462
33889
57773
16278
7772
45012
87014
80002
50177
19041
75504
95798
19561
61939
5121
75321
42220
33262
81657
15711
5941
92220
27362
20997
86138
87060
83029
79592
89338
39609
95197
22465
89583
69841
62399
47510
44348
63549
57484
73042
39747
91251
94792
47921
67312
39007
74895
16634
84965
41069
79569
96949
72600
20798
5378
12657
12267
50711
30713
25091
32957
57467
42748
91648
8988
23791
65374
88942
57876
93531
75772
53418
16586
82979
25005
4707
82074
67496
67052
389
63236
22976
3760
19108
33089
92665
41136
76648
78027
3818
14617
57515
33043
79291
66757
53910
45868
26981
51433
92321
73380
93915
37580
5259
64070
57734
11167
38613
9731
29080
82318
28327
54859
66666
92629
34120
16924
20010
76463
52656
18411
19129
66828
60597
60976
35625
13388
76231
93120
30303
8265
34527
87388
38504
60535
50604
2440
64696
58916
33369
1194
76982
11559
22787
83293
86921
38537
7923
33774
83001
47794
38567
59418
26831
20506
56949
14613
21872
84550
31618
31541
32499
59082
82225
6807
57685
78849
29805
21433
48658
76546
10246
9596
54999
74349
96479
24323
27760
28716
15153
19643
30946
74760
19723
94172
7927
37093
80993
65372
71198
4005
78011
42653
60995
30816
10843
77935
51364
15902
91568
88044
27731
14465
96425
39845
19517
22675
13967
75414
87608
56993
7236
63300
35014
64322
2139
18784
40684
51439
57403
46713
6461
46175
79003
42243
83381
9094
57291
34908
4103
89938
76716
13854
60385
7531
33601
56117
7113
36046
19087
22765
60964
62525
7155
36341
5256
79797
20580
16985
18475
39636
61270
32708
95064
96791
88508
7120
11220
66116
72235
7528
9780
7298
22625
78825
10826
51962
62863
89001
37805
82768
26894
87384
34534
54383
22279
79598
50924
71638
87707
6574
89657
72010
89617
83143
86183
92032
46864
29717
61347
6884
90852
80383
10669
74352
79622
88876
80028
86546
48046
92254
3949
17615
43056
76888
90525
21689
92200
5347
69001
70799
96268
58322
58757
29383
45939
66819
62346
60017
18152
10879
96705
53032
79356
38673
73324
4706
41425
58533
94229
80509
94218
84030
69264
95613
29318
54036
78372
19088
92069
37497
91356
43470
22371
92989
64537
9107
48740
91880
39437
12811
54137
41451
33038
54005
3039
38286
96212
79819
2513
88006
39286
24657
51272
23366
94101
35152
86950
16215
85627
15671
51777
19641
46667
88142
80545
52288
80759
29288
87603
6860
11275
48035
48706
67645
21118
22266
13551
89265
82445
44007
74089
34853
66147
4050
15668
6520
68248
11867
458
9176
81684
60120
16297
13395
42692
14619
40186
32068
13942
54696
25294
1075
94750
70702
89930
51952
13612
31316
10474
90818
45918
59410
70123
31754
12012
27518
96126
12709
81498
29234
90356
689
40940
16596
43716
81499
77098
7506
71718
18584
42138
14335
80584
35913
83103
80719
49384
46653
3737
92931
14792
64669
1989
70185
14425
28916
48681
40783
43927
15819
71445
55722
84537
16379
16526
56418
96176
35793
88586
4517
25740
22747
90280
13127
53719
67035
51967
13161
9926
20954
7712
32602
56134
85811
6617
46422
60100
12451
57447
71637
62441
36495
82349
69525
49282
72563
70670
33484
5815
70283
84942
32906
63864
79228
46852
59921
22193
91467
33272
7811
83952
80710
91775
96034
12798
15790
39921
64815
40698
48260
1537
68650
1591
41008
93360
89641
8235
68328
25237
62511
95708
86484
21094
54372
84622
84272
5477
95660
29422
37333
8229
20190
42336
11407
92901
8070
46454
59338
1142
63287
51197
11490
1528
37043
33586
62028
50847
75544
24670
60791
82325
76526
24778
9778
55496
10959
32624
44117
84040
87946
9087
15245
49102
9759
62799
12639
78177
32632
54147
19705
83970
30010
27309
16623
7720
41931
10404
73719
67737
95608
71377
43235
44190
5583
94216
79901
69523
83999
61167
64166
18192
61408
3402
49699
61008
50715
27494
89503
91512
19926
33782
82283
43766
42212
26171
44240
9421
28552
32374
50656
37760
19356
75754
56008
10963
25559
62433
38993
5567
96496
5810
42198
59336
26298
83896
36712
10284
74900
8066
58234
47139
29948
38643
47350
51481
64289
27358
44723
37216
22719
36395
1273
862
54713
79141
36505
23049
36129
28011
40862
4572
8742
65984
62241
15196
9439
26582
95138
27635
18192
92138
18812
81058
6744
82082
24648
21959
28374
48295
78616
63405
80232
45672
64513
46739
84225
51329
2027
75927
13194
35990
6505
55140
51982
48066
84630
69597
41584
30381
53878
21165
9314
32641
14685
83939
73107
12315
42660
15184
44949
4751
63289
14372
17558
95645
9171
20896
51466
68960
66283
10706
63658
61732
11694
65674
15363
69416
46184
95144
74496
64044
72419
95607
87166
47908
94439
95335
49016
83831
47890
78010
44188
65575
95788
85513
58918
82305
84996
13378
42662
15874
23004
89624
11000
78211
53377
63346
53713
70129
42596
4546
38933
10025
95946
10449
81241
79149
53599
54797
88553
41912
38972
40308
59382
61146
94256
94262
12239
36995
80767
37521
79851
67185
90732
48574
6493
75629
51940
11206
96212
81885
46191
53679
94872
3023
94217
64267
39029
77919
64000
12947
14187
93482
66428
71515
50455
17457
35309
40479
14226
3616
45632
72472
60140
54127
11600
67151
48065
31043
39085
7312
49632
41209
30048
12193
23560
8306
43985
65864
29624
40512
65744
54154
12450
73984
38076
45828
39324
46590
4518
10182
40603
69061
38396
39774
35805
89481
6103
64978
15199
49264
51601
27960
51105
53319
19940
33026
45271
17012
49088
32312
41908
20915
16795
65202
29637
85877
5083
80394
4383
94602
75554
80633
20966
47335
32389
34165
4659
93700
7618
14795
90856
18470
37658
81613
11052
73578
52577
84978
55466
79095
14173
67248
36735
81045
28516
9993
64381
19793
62207
56535
68918
26571
36412
81920
42014
33140
10067
46101
74240
12538
39404
501
84564
37445
88248
45709
24755
77855
13282
36140
66216
21578
18961
33397
5324
29498
80729
34624
83853
8787
56408
41310
14963
43199
52063
30056
58240
8609
33548
86630
33754
64245
63290
33131
14238
39671
51715
80949
83748
92433
51204
46010
29006
6809
12702
63375
25440
57878
105
24310
36894
137
80414
86329
2308
91607
35569
55734
62187
62724
49514
26910
79092
51831
92144
8725
1207
28688
51913
35949
55226
74210
3524
86773
93820
45655
95195
6237
9965
88990
47809
307
89596
57941
62469
11593
27348
30984
18355
55730
56516
1773
33730
95899
26370
13949
67775
17278
32783
5063
15686
75075
16905
7876
88749
68841
1170
62033
73093
45421
24249
13931
4805
25281
2603
17039
44332
45926
23663
36325
59388
27840
54279
9931
92974
27567
80216
46442
50722
92815
31125
996
66195
54229
37469
52002
76189
9401
64519
41174
78358
46477
5334
87329
68038
33947
36434
16352
5063
86573
84642
39710
45181
26031
51667
14640
82936
40788
22218
60527
83188
2442
55234
58372
20530
77779
60883
62010
80611
28975
60123
92646
46438
90052
47434
7290
7399
53833
38910
88265
76895
14999
19319
19080
16649
39120
72449
13294
61498
41091
90221
5813
26254
85377
22630
42685
76453
56989
78614
74096
35632
32296
55668
94263
75871
33241
50456
95229
49759
76403
82074
56881
12933
88718
61324
68321
69624
43894
577
7606
26940
95439
7763
64425
73310
157
4728
269
60826
7161
34785
19800
61047
46027
74340
34357
56501
73774
80004
3470
92265
11207
61451
93494
93688
55085
63540
59878
15559
58955
79567
23033
77823
91757
23762
39979
43377
53287
80253
49080
35523
72857
25858
37491
15139
12683
55004
42924
36135
53894
30963
39371
25930
13361
70081
20490
40002
61095
20931
32520
23395
22421
53442
93908
39787
90084
92093
46346
27722
70292
20613
77825
23507
16933
6196
3077
41072
8723
54835
46116
21025
15913
3159
10084
48796
65991
59795
8187
80768
15881
15365
34757
69065
45076
69102
66610
75772
77987
81128
12554
85800
72589
43731
81335
94930
28463
29076
29299
46105
26157
88818
91794
13465
74181
75798
79351
38630
95822
55810
69658
82946
12077
55094
57592
21176
10649
88565
69028
61744
65848
5479
60368
87666
93027
64860
30564
89390
29869
41756
34433
92927
21756
43697
57598
25173
4379
23043
41425
48117
75137
12838
83937
83035
1747
69387
57377
61988
72953
19897
47954
49925
94331
36366
36889
9052
40678
9159
83347
45603
20059
67049
92046
33111
3093
36379
51302
39184
42884
10033
12336
12472
92154
19102
68702
59078
6236
8510
12902
72708
29890
29894
4335
26776
1201
9266
34356
18473
58721
71826
23580
29111
26252
95784
14627
91358
30291
6817
26900
21768
71636
12791
93880
8138
45115
64307
78860
7415
49757
7077
90617
63151
90159
14806
88141
75279
23929
64294
16577
22844
13282
80390
46761
79948
71676
47236
93560
83189
31852
3167
62470
37214
28661
75926
36001
12585
6894
38689
16779
10425
13920
83643
66748
70010
16796
327
26099
3136
75537
54782
3206
64050
71931
90370
72421
82653
23456
41257
3343
23600
30932
23944
45203
92207
23387
18227
73540
57828
34869
85559
12322
87721
95340
65052
57710
36776
69988
95385
65904
38801
91919
73966
45893
34482
42597
31604
48006
27354
82922
43915
80871
82432
28203
2253
37111
48674
28663
41091
8507
19816
11438
11694
67215
88745
74017
80020
68445
66264
50269
29206
7626
59878
51989
62378
79113
69898
2747
31161
30115
24323
31510
6846
31411
63666
84056
93154
10347
85354
73475
2617
94301
12404
47461
78618
65401
57915
16506
74880
12500
72298
48630
14376
2837
21271
85600
21286
297
81003
30047
57572
68791
76629
33483
95391
77766
64720
37768
16114
77671
54165
45377
7960
8842
34417
61518
80798
1360
90236
84473
54394
63359
67851
3784
32139
21310
34355
84779
39126
5106
35184
28119
69527
83064
31793
80606
24993
20861
17412
32962
86294
69894
12042
20756
82310
60292
55384
44022
18331
77198
87109
88552
32016
40918
6704
27830
7340
28291
11878
78215
13615
43527
70024
54700
32863
54396
86599
79353
20367
59885
95497
58285
1693
64776
58841
11088
37735
61243
92115
6790
67113
75795
64200
2672
54485
45510
15292
18868
59823
44336
89290
51284
70180
10033
40600
18094
73931
58041
52648
82415
43575
18307
28599
57138
68257
19540
7432
23514
56285
1082
2981
88495
89931
27436
12526
33034
109
89404
59536
82349
54908
50473
67620
3598
72457
91243
64755
44648
86933
22518
41594
87486
17164
26271
88753
46255
11032
49227
177
71485
18462
39013
38053
63977
57518
57428
19773
28265
22444
27603
37044
77139
36062
30980
54003
25048
91314
49129
37745
70258
85094
21751
161
70151
13691
56448
82352
54945
47262
29730
41715
14830
7964
29169
32346
49487
12318
67778
20084
60836
47294
32012
56133
6747
79094
76628
42161
62437
16083
35861
92775
83790
58409
50745
73008
51606
28646
48862
77982
6448
61048
32377
61108
50403
83117
57836
35047
17794
36342
81481
51791
9054
66944
56532
17634
47723
47836
59172
7443
84454
93601
73024
87420
30412
92111
64554
4223
43205
6787
15191
26672
88775
74558
62805
66596
8091
76164
25257
26918
71748
45483
60647
70193
56704
9037
4364
14326
49411
5531
33796
83395
72782
18990
28082
36001
4299
7416
44869
26113
64696
90356
75454
22814
53674
91568
40950
20205
9477
45877
43480
26404
28891
85825
44777
63025
59687
34160
22332
80914
40463
76816
80773
94221
28188
40720
52310
52361
28338
77703
54067
17497
42973
6879
81337
11793
50911
7233
27639
19019
47723
31620
55198
79884
86106
78607
84424
73733
92744
64287
53147
80367
888
142
74036
49869
88708
3674
73973
10940
45703
8977
38433
9750
37744
68375
69692
84809
37577
75942
10508
55321
51412
30198
31119
68347
1516
67114
77383
14175
14252
53349
66752
56215
84995
12886
5465
88084
50157
26784
33387
9377
70096
63930
27666
16847
45231
51472
36054
65716
36258
72490
3807
13336
56367
29726
83291
56068
23035
21149
49397
54328
217
8303
71939
88781
34119
67936
34289
27520
36741
80278
11023
73937
93399
63842
36236
79542
22358
61119
91870
11987
48177
94506
64838
55674
76196
25839
50721
8961
20073
78281
62748
39228
74441
36743
18901
50618
90991
18996
17523
42553
66090
71664
77290
47237
83553
90248
73131
26540
63528
78934
79004
51226
9645
42462
7697
61374
34973
63231
37669
82883
70683
26246
46495
19145
7840
53403
43027
86379
35288
94881
37136
30275
57325
94787
29165
82962
41890
29104
43181
43059
48723
83875
6205
87059
66448
12986
22882
35279
1207
91761
60251
27793
58762
34904
43981
5719
25415
37150
11419
78432
16253
66415
33822
57030
5543
54177
41745
31579
81050
90496
29553
92105
23822
71033
60900
21457
79600
66181
49519
40193
69851
75482
27752
66150
61894
16822
45014
70526
73563
29987
44037
58830
3283
140
23096
74547
62781
85152
18832
77096
81746
44630
18042
81530
29002
77100
45113
36511
25947
53024
26867
61703
19536
21100
61239
81663
25959
39265
66181
89292
38068
52720
86066
16573
10195
60682
64451
79336
63500
60435
55228
55076
91729
35882
22541
43229
32720
37496
45218
30877
92482
70782
55364
14608
39763
11372
23181
46973
72431
64832
78990
37493
87480
33753
51628
16201
87584
49490
41808
78145
24195
21134
46676
3672
41293
29445
81217
32796
8311
80633
4463
32234
93236
26204
8285
24998
10975
65279
4293
69915
56821
89908
83439
4938
64118
37000
77144
89108
51490
16159
50814
1540
87887
69670
6577
57799
78066
4199
84928
20216
25171
73364
33881
65011
27322
4674
67092
86575
43275
8888
49541
6611
83773
64749
30727
78379
6541
90387
79061
13151
18367
82766
48430
93503
72290
40205
78541
30682
23379
74920
80500
56592
76919
31003
69205
40265
65532
50011
79373
78637
90342
11883
12094
3
29798
25739
7244
94430
68865
63260
13725
57324
91867
2703
83518
54456
65025
24633
70589
65617
73779
38139
93118
55181
89765
90148
41170
12393
449
46524
69132
15164
61765
79980
19918
5659
70515
89789
75104
6578
55815
54009
30994
78336
27302
9861
27666
51039
58184
35868
52962
51371
39975
50493
71001
58050
66964
34466
70921
13956
32702
11965
73733
2867
87422
58160
49748
32500
35158
791
82204
5254
16986
2309
23488
27293
29513
26321
64645
67837
77200
94380
23956
32633
57139
88238
29615
27491
80023
8585
53324
71483
81219
45969
94206
37960
16918
13785
2496
42718
53446
43251
58626
43220
57425
36572
76503
154
61041
59555
69665
74796
23554
81500
49759
67590
94246
86489
46469
85199
21348
20397
18945
32150
24832
84525
54635
74011
20572
92733
42858
86234
76618
83851
41169
94159
65247
34035
48409
66290
29403
88395
49625
19914
90740
80673
6530
50629
56492
84031
67622
93982
37013
74355
78223
33376
23749
79069
61949
54954
94490
12846
18560
31255
8800
75992
52952
48847
62978
72884
92567
48829
7602
11364
79400
72970
25319
74765
63451
64952
67024
61332
41073
92448
27352
84541
59033
8836
73792
2768
30927
30402
2990
6210
34646
44674
13112
20477
69028
37690
69308
68349
74384
34046
53817
91402
85448
23146
59420
92085
71721
51108
22351
75091
7376
50497
72172
3105
39633
76352
1827
70587
56069
60841
40016
11293
15765
55916
11315
21439
37822
53479
310
78440
16824
31026
92872
37983
15135
78289
63176
20302
58841
17580
74800
40329
63397
31554
92347
79546
80420
69054
48232
62306
52864
57422
68920
54561
10125
11346
3623
42138
78974
93268
61036
88611
48904
65676
16482
71656
42918
42511
42221
53707
55802
38539
84619
4613
91008
69731
40460
44588
71712
74423
75938
40416
38577
14070
1591
74835
32678
24142
42797
489
67645
80521
88487
5089
57024
53115
12972
12352
56140
17578
54185
2336
7853
3114
84117
61268
71303
29012
6270
88211
53982
49717
87239
19194
7357
74534
26824
70424
79026
84151
81655
12725
49811
50522
82793
73015
28908
90389
71199
60393
27548
16900
54141
73665
63979
3651
59615
46354
43097
60701
76787
59131
47061
82369
67348
15460
69618
78867
34909
57955
25140
85534
17789
30254
30675
71359
50863
73607
92563
5207
79944
51820
6263
85486
78635
43778
90859
74537
83933
85895
48513
93160
26057
53225
82668
89654
26804
52721
45787
41407
45902
36423
60627
52901
42861
53019
81865
75694
50302
39143
68683
7039
40911
29489
8591
90632
74459
21752
23661
84193
91361
14202
25542
78626
92651
63559
73581
58726
91933
92982
2755
55729
25378
73738
37283
5351
57470
41345
2544
36641
31990
63353
75565
44783
21378
13407
46859
17157
37966
70966
88130
60126
28638
88844
87829
76545
82287
47115
82447
17784
42993
56691
92027
26693
30543
2816
58858
70510
25626
64180
44503
21777
75559
71147
67923
30995
3710
27187
44162
81971
81608
79055
25250
11955
79477
86200
35408
24415
58019
94120
78940
62199
47503
53211
34268
44805
83685
395
80941
65795
33938
6839
21127
37742
17326
90016
27121
65901
80430
59257
21836
12258
82818
53977
40290
84089
54531
63431
65119
52024
32305
63178
75436
222
3576
24111
19723
72233
1396
37489
67263
18670
83885
44263
39274
62534
74040
18724
268
61756
54856
11916
13112
60915
5245
94055
2197
90239
31057
69453
91456
1514
46897
46757
2835
80924
5344
72718
23975
84366
50313
13524
56989
74541
387
61243
61777
50498
30494
83948
35143
25434
1342
52837
61346
8082
25598
70414
9908
34183
79447
63149
64429
26227
34807
7238
47543
11884
25762
89114
46200
91840
30326
24826
58709
83765
91385
26593
59262
40076
23429
41802
87158
34178
56315
8011
40586
12005
46741
4064
91977
16372
91067
58572
63132
56165
37360
52471
76295
56223
37121
39917
67272
39211
13968
47718
53334
23282
89726
89055
18584
89913
1968
5684
30397
7265
2059
39504
19386
38316
14538
21267
77247
55985
23751
31610
51055
63195
31140
83822
58903
58429
38136
13911
26953
55251
23597
16156
58469
49689
87179
82841
52049
77998
70258
31077
4547
5928
58788
32681
87762
2103
94065
2969
92951
45068
47535
47011
38696
37479
72435
44854
22893
92267
8214
88093
40347
33720
44565
48928
90779
34094
64637
7688
61578
7135
26919
65729
20042
58295
92081
75873
40934
59140
14002
34216
81987
29500
83258
30214
66055
83739
56504
4411
76128
10180
51544
74131
18540
68667
83621
80759
15040
71793
14744
13604
53338
86510
84665
67196
10248
48541
18087
11350
58004
85783
85509
18931
43222
82068
81429
53979
6153
35808
34531
74569
28083
64807
43610
71289
11468
47052
35121
86116
71353
36199
86820
75849
47341
15846
12191
33114
69813
45400
20165
37669
91192
24207
1528
17294
38164
23085
46772
39832
77838
70341
22065
78797
85233
69610
66237
80366
26135
76908
6413
20250
47678
74442
24743
36906
47597
41155
54029
81679
30863
90702
52243
28685
75159
22672
67131
34894
39058
57312
36933
80375
79392
72658
79147
50633
86426
58204
66756
67655
67064
23730
34585
18127
88169
44585
20005
68280
85571
11056
58660
92264
76580
68223
26605
16552
689
49036
83642
78821
43232
49808
58091
55200
36103
10282
14297
91803
14817
30677
427
64231
83864
25121
15649
49910
14669
65296
79486
72606
76784
7740
41745
73280
15400
31788
18533
31051
52489
3884
47429
25609
488
21000
52960
59249
37196
24077
46989
87846
61675
68715
78109
3087
47558
91396
15517
86900
33925
36168
16984
57782
44469
24528
20134
22667
32421
10605
89515
74865
55251
74339
60325
16141
67723
38570
40913
33396
24458
40918
59841
72094
5976
19148
26035
50079
67735
42301
22910
79035
44483
26664
61892
45145
16391
14521
31698
90397
5006
36572
1548
92248
2945
51055
3692
42053
10205
75697
66818
27293
88942
23589
50963
1759
94110
16765
1090
51010
27632
76629
84148
90992
34614
72370
34326
86990
77748
8507
51905
80178
81197
1924
54051
66729
86228
22589
19227
45157
56052
67642
85826
37382
51902
51233
51906
29453
8072
73200
26664
20521
87238
28148
70663
78344
71511
60473
61592
1059
67932
12381
29205
30734
76048
79558
20695
6519
78001
93973
22843
64161
71976
45188
8735
59781
87446
8757
3668
86524
36233
88732
39578
8160
46648
7386
3201
79478
1924
14904
73345
14101
29490
85953
79987
88438
37314
73584
51374
79207
52316
67531
3616
92206
27010
7398
22492
53602
75218
70095
38639
74809
74502
3707
65559
64687
76108
69696
13575
36878
54467
14316
57457
51383
63780
77061
22458
36276
32262
72728
8146
82857
37409
68112
44958
2494
37528
15174
10680
55318
48372
41983
42606
85615
16026
52045
5949
64261
19504
29605
69420
59828
42735
33794
57142
70274
6965
72801
21413
73878
83769
89446
15970
73968
82354
8000
22247
81895
7935
60337
36042
70529
72101
10150
11712
58802
49595
48963
56554
37706
44022
60199
81492
58653
29433
18721
51215
51042
46539
3085
68043
17551
25995
38119
66421
19885
72006
87094
56624
23356
16487
87120
1272
86339
10487
70442
31203
14094
48094
82123
54860
83056
33398
87867
14758
73931
52906
37164
32489
42386
31253
43828
34025
91771
64143
85692
77873
40696
5611
63047
31055
16977
47233
3996
1951
58275
86760
41266
53188
31079
5223
51536
45449
73229
19114
52545
71000
8820
40746
63199
47802
56740
6705
55766
4693
45607
14336
10237
92109
43832
51388
39294
89730
3002
90950
53574
50785
36186
18249
21690
79661
22401
77547
1034
52221
13441
19281
64829
118
22266
19028
73319
59133
84809
67945
87803
87226
52669
27552
48920
14963
72834
39349
15946
50543
37227
48197
31676
30709
33280
26876
4392
43707
8913
15829
58122
48158
59022
31296
88656
91489
40387
76686
46495
30148
69128
68801
38489
59244
691
39021
69660
41005
41154
28913
90819
81733
64857
77849
5089
84711
11068
50286
5204
66013
54834
60079
20329
55043
61206
61508
768
45951
75267
47526
62233
68128
93415
55409
93237
68439
75732
23969
52721
74602
36651
88892
14652
75420
69815
76285
2972
82320
4923
45116
58237
65328
68287
12443
73033
66953
45237
65328
45729
30305
16652
73805
38254
89775
36162
93268
72887
40893
22748
88383
27458
82661
92498
47298
84489
39340
17080
62053
4978
47821
12516
23922
33510
55295
13358
88482
74735
2475
4497
50346
36929
74221
75555
90075
40464
58718
30583
73707
87452
78737
60183
56806
40716
22308
29627
25733
80730
58271
7282
41781
7944
90490
42468
48431
40515
28207
48859
48039
3792
89522
77840
43101
24494
55788
91645
89728
89811
85267
21108
69267
12649
79258
33049
68894
39657
5935
10761
61982
87077
88668
79993
12182
86236
18857
21559
19400
84938
5127
38160
13001
18693
19935
81310
44125
79064
13970
80829
18677
48269
30592
14945
10736
47569
68817
24566
84656
83368
58040
4649
11734
63031
63034
58879
25188
84015
64178
51929
1669
91715
24954
24250
87781
74093
79928
43557
23763
43799
26486
70022
56885
34852
37490
11228
75949
74593
81071
20987
88168
57568
29031
41411
17133
36112
23030
60729
59743
32214
14427
54369
69268
7696
83000
77294
16208
18949
70283
17027
89953
83078
60482
7886
1255
70989
41116
77423
83661
15309
47399
60795
31720
68046
42719
706
75869
8859
49358
24348
26866
67896
61170
59144
88612
92356
7157
6935
13215
69943
46124
19832
69612
54257
69343
39289
11830
90844
75094
50482
22770
12638
69744
83641
12188
46749
41824
83283
54675
50595
49122
11931
20944
2920
38306
7573
44227
30659
48727
67641
28329
3346
28434
36697
77772
38712
81805
16441
26431
78348
12458
5311
90862
39956
32115
75971
31332
46510
51837
9722
1573
92761
67857
67306
85238
2549
8793
23585
35153
49413
4987
55688
49457
87299
23702
69730
49419
54750
82100
4148
33828
32176
20230
60600
48610
6987
87564
45973
68855
58042
25057
89022
24720
42604
79986
71421
46012
27136
9263
56848
53423
61614
82969
50936
58571
25791
59100
75271
30353
74505
69397
90124
54540
60629
51718
33853
90218
3799
50288
86177
79956
4923
54804
58524
14113
6904
5100
33416
43766
57647
31264
78073
80351
30078
28584
79870
23244
49649
41807
27835
31963
33402
84821
78839
10272
13608
82001
44495
51468
42761
48592
63436
43512
27760
57633
37579
71484
67648
61256
40895
38553
71175
86410
54457
57297
41276
24715
42668
65145
29429
66880
46639
26942
88756
45970
69832
3749
30613
78298
63758
46296
50757
51960
23211
82160
57738
38934
75252
49993
50350
19880
3127
55330
4849
68849
57340
61041
17458
17314
472
18386
21010
54289
14046
87523
10177
26539
73251
8866
39519
77664
36458
848
46463
53344
45385
64697
87417
29468
23403
69568
92474
80279
84419
62149
38895
51092
17230
56309
84100
83603
6997
16294
915
66001
28426
78460
81139
62074
19660
79431
69807
91640
86938
82018
44271
8299
93234
21253
92874
81442
83816
41190
47573
29576
2807
10660
22522
19160
53406
41023
20058
92791
79935
77376
9089
27931
56616
88398
75001
15177
23672
90876
83384
5197
30627
36175
73837
30778
59602
65808
77379
73791
55158
58568
20779
15146
45543
42886
77451
18881
49192
18181
9674
75130
36370
31519
50347
51816
42871
62560
41021
34524
60202
36856
24013
79537
74964
90260
9648
67619
38261
4362
60298
57647
7598
81922
59549
39723
13991
56576
73295
71246
47462
39781
34675
73112
29642
8757
34282
74286
42973
73017
65065
81480
3093
39011
42334
75235
73763
42321
13617
16215
64712
27776
85280
21135
51103
12124
60904
4982
52875
58590
2869
26437
35770
81349
66687
81942
44556
24460
44430
43732
32431
25275
6699
34859
6175
70910
15940
14008
4486
92493
20276
70328
3741
74347
60062
58190
90422
49306
80626
16969
47784
18028
23916
42693
21564
12709
30648
86576
62338
85132
53996
78205
25360
72671
8047
16872
23755
49916
35639
3140
4681
63421
75116
1911
20186
18646
29974
80204
71723
46052
68751
49682
48400
46801
58853
9214
52838
36828
42828
45303
13498
62824
34145
17086
73913
11703
57021
38678
27326
34977
74181
54340
28013
17341
88467
46475
13722
77632
91077
13886
85078
86267
25374
18835
54649
20263
6192
37483
56158
63153
39543
70270
86823
54905
85574
85416
44106
53135
17771
80720
58426
80325
81994
31560
44718
81099
57450
2206
89785
36471
84864
46605
71326
53048
41897
72803
21462
67537
56628
42937
34524
91770
4691
40418
12605
12331
62858
1009
11011
71493
1460
43649
70820
62615
7660
64831
61467
6020
27521
18113
81691
16087
44622
78654
4524
60514
47678
81779
35963
43895
42286
32285
53726
7550
43869
62423
67201
71576
45679
2582
51715
27685
75318
10903
50545
38846
53456
17496
154
25126
40267
44115
41196
90536
21150
36668
22819
88123
40469
63386
47933
64256
14423
38746
52334
9645
56973
23546
45949
66089
23142
20532
66271
26464
48349
25454
88052
14414
43706
45492
5920
44918
50515
56000
45049
20920
54015
62243
6988
58584
38502
55745
59662
45705
23416
57319
52332
2828
21961
6989
34567
63164
27834
81682
63686
47427
67212
88596
92641
83638
24211
21573
58356
74999
23534
2183
64613
28197
85193
8922
70615
1595
64679
17452
11620
58684
53313
74568
30018
85081
35073
42665
25913
2376
13068
3706
47265
82812
11990
51375
53836
35919
32960
89116
45960
11505
43141
23891
17668
41837
8545
63125
27799
57202
6795
29333
39281
86134
58217
66722
9677
53248
28409
76954
66273
14128
8701
25834
86696
86624
51693
64478
15754
5578
28033
17441
8509
47385
44086
76289
41570
92342
86101
71204
61309
76904
21422
4221
76651
57099
67263
43158
57200
864
66994
63939
56906
86385
58283
52243
2986
13569
14056
51877
8925
69779
91435
35291
72582
71883
8782
78616
23811
91886
56471
27351
11873
73288
27454
63981
30085
22008
38134
44889
19941
67854
31934
42163
62593
21218
3781
6707
40644
85166
74105
31407
70459
82088
80731
63477
41692
52873
73071
8774
7195
70002
35935
24191
71938
33565
80425
21218
28148
56672
30147
40763
16565
2973
62967
24319
39360
25822
24658
37010
85190
71779
61925
92085
64182
1998
48302
21610
35715
66585
21969
4473
52590
69280
26057
4010
29489
4290
21927
7064
79882
51628
20328
6237
80956
35561
11493
3751
82325
91688
54197
55586
24871
73084
44344
21696
81844
19534
10957
33173
80634
59672
50032
2743
79145
80568
55099
55383
37918
58027
90783
9775
44956
27231
67318
42394
48777
80129
14334
59119
11178
5027
75377
66121
65128
61254
52307
23793
4024
37182
73535
3426
5122
62637
26058
55107
5831
57830
9502
39117
62512
47515
8609
52715
92735
43606
18760
21069
80157
50276
48980
54393
5525
30069
71026
28487
43901
75206
46385
29541
72167
75073
15243
17697
25899
48993
91112
72092
38772
10879
34725
5500
76352
87103
77929
38269
4038
54508
44287
83089
86979
14247
71686
86840
77009
83283
27147
61824
57257
36654
5176
15100
48803
14885
65999
37913
45844
85090
86288
24820
87964
53031
62614
29949
35410
53222
29819
76991
56069
34774
37898
65405
62156
20363
43564
42456
9618
58055
73120
88932
73397
35845
53160
14161
52130
52900
37096
78014
15334
31525
25406
77800
74539
86869
24713
81286
59525
90729
55011
29032
464
81913
63873
59039
4092
10649
85134
37142
35293
21150
69905
1199
56201
65413
65388
27882
33270
59163
23919
70653
71209
61140
40672
78474
24853
4496
2249
21506
47958
23306
74835
82116
5819
82519
25185
47131
76095
64092
48985
74102
27860
12206
84022
12461
92232
47024
84773
9207
67557
3757
8727
60594
16616
19946
59930
3764
82919
27265
28800
70959
70997
15247
46982
47592
21915
42074
80751
22068
37760
38079
18490
20057
16893
83513
62937
23130
50599
84538
11213
67529
69794
62887
34652
46586
66424
30325
7073
67055
36580
21643
15475
35487
36993
71373
8896
15324
68931
61921
54838
28747
46420
9449
44949
63715
67499
9103
52375
50238
2217
44140
51651
3319
70226
48703
42043
35937
86925
19935
80733
83638
43832
73071
4845
58619
40679
38175
23615
16807
89606
13045
40481
42897
60322
8339
37469
56866
21289
41313
7764
31109
76052
58912
45417
12186
87447
90174
28814
21201
86382
70373
83556
31680
24359
84486
54394
42508
24906
30509
28773
9093
29338
41555
20819
762
21251
73649
38824
61151
7494
63391
12591
22469
83126
29721
26062
56623
65095
84807
15557
28133
8396
3156
54926
10076
37029
80200
90053
11498
41484
19502
72004
50953
12338
74708
63721
66401
23903
31945
67634
20901
81795
6145
51209
81403
86515
61607
16024
40091
27860
55603
69156
35894
32891
55867
22973
29404
934
88137
10396
27550
19391
86809
4829
56982
34243
64566
92409
62005
89725
88752
15816
72645
19781
31614
11438
70168
22484
40529
83396
19600
71172
36187
70382
9982
75974
46948
39003
14503
66127
82251
63277
10008
62643
34185
46452
4456
72255
86758
74270
61397
27019
81406
4428
48564
90225
5135
82675
46097
46453
12089
11457
56277
26410
86911
91681
44815
70650
31030
59883
72137
24962
51496
57393
84438
1937
86881
14803
57965
64188
42625
65477
34044
18910
87203
56197
52459
82122
48893
81282
61468
45770
71038
27113
58328
72650
54266
22784
52748
16738
8894
73089
8214
73453
76352
18279
43103
75897
39160
15128
60550
57868
80319
13774
19656
68213
65513
16686
47462
25651
27939
59227
80580
53450
32873
6960
4096
29336
6650
79105
46531
63616
50087
49133
51042
34955
53767
11159
53874
12211
70239
84609
92014
47621
42246
65922
42787
70254
76608
70518
92239
92194
1435
64949
7901
84198
49525
8021
81543
29401
32613
39821
77713
79734
628
28726
32930
46168
2613
81056
23625
32134
58824
61407
80342
89594
79644
67476
39384
39849
92151
82186
73699
77427
55912
61085
86425
16721
32120
39094
6259
8335
44620
11071
67834
78588
250
63581
11243
64632
76920
14085
36718
32479
16221
57734
46984
9535
73889
33967
9941
91368
78596
70172
92015
41264
74801
90127
8523
66916
76202
23387
86862
44512
24057
4547
67488
91647
55233
24270
5148
10536
17350
47963
61330
1293
86142
64895
42506
54249
47814
38428
30192
88265
32470
28107
68989
83839
42728
13942
47968
9419
23480
69318
73370
12895
27009
79984
72651
44499
34478
40432
32597
76730
47218
83323
11098
34317
56308
77453
52971
29418
34229
78218
87268
66861
57067
58619
82553
20458
24493
50523
1334
38770
790
16999
4017
51536
43216
58757
46478
61068
4936
12473
4374
55284
11801
73942
55689
81475
47510
89453
61880
89784
17808
67518
32329
46551
31092
77530
78272
70271
79051
60617
71161
46052
87917
34560
21038
72423
68476
55871
89845
90493
67853
62435
74033
55473
19169
1134
14159
7927
90355
1014
42660
34150
56874
22616
89582
27112
42293
28040
71758
46505
35070
85623
9396
56106
45085
11665
56355
48201
71472
22879
75351
33887
41861
28723
87004
22949
42631
90046
34319
12808
25045
52846
4960
87048
43588
29729
30040
27871
54292
73714
81356
28812
37190
3594
84710
78235
24518
18629
42825
14200
47691
10679
60613
949
25365
21321
31883
15876
36297
863
26825
88778
43233
1194
85055
78706
23865
90200
11312
59434
56367
89672
87641
19732
22996
33000
8503
40620
91430
6102
57412
76714
13226
1736
40490
54636
81703
27116
61217
68259
25917
22944
27254
72647
870
72724
66204
40056
68161
45530
45192
58951
82084
76757
68304
57606
83953
2612
22050
73485
57164
72436
69762
35298
49085
20083
67474
21864
87548
46447
36961
83060
55681
43834
75020
47845
49449
20335
45339
28398
16842
17390
74387
19754
77639
86916
72913
77212
83402
69125
9000
28041
82096
71246
16031
63492
91026
74467
28199
33024
36911
2234
45414
47773
37057
57225
26110
79361
23995
7307
65624
56169
37567
28868
33644
74769
37038
1674
30874
75812
52511
51554
12836
43665
19590
40641
26256
46196
489
59827
8122
22226
88236
67525
51176
8193
37738
28936
22418
49574
7209
39089
30383
26652
12638
44863
18039
54382
50598
83966
12277
89017
12212
87224
68472
42505
56144
66809
75852
83590
90004
79226
86256
41227
29812
88493
28999
36212
50370
14536
9220
77917
88924
90106
54678
37179
74984
57684
53662
65485
62003
28418
25495
55815
79875
81919
91576
50312
62272
42001
82935
84671
76411
14969
14115
86090
72842
7224
18748
47042
7686
22962
58514
60510
53943
9774
27659
85754
40689
57562
15383
27119
76306
39083
82354
85170
22943
33484
17518
38391
34280
53037
22643
45554
61887
15194
78857
62481
3982
74482
39269
88175
48435
37307
88782
65276
54126
50929
86504
12941
14899
5266
39972
10924
15257
68001
17658
48231
22000
30865
11474
25570
78874
83170
53610
16658
71198
76710
10576
7340
46727
2725
90498
8760
542
56031
72555
43896
5693
89281
2677
9672
69817
87520
72855
36960
72082
60950
38256
38968
81407
54570
38726
50632
24149
5198
38205
21589
60174
77148
65113
69941
72384
28801
61076
75791
85625
40975
41492
50738
75486
27610
28956
16256
43035
61665
40969
14522
85745
39436
36000
85363
10118
15543
87234
25910
31809
33252
36400
70350
17320
82082
44454
27342
63739
75248
47495
90930
86833
45071
41815
67405
57067
63903
20555
7848
1862
76134
81370
22575
75510
994
39145
4435
19457
75518
60885
20036
83400
55195
21797
73298
20294
65431
76215
21432
35145
28773
3163
15236
71074
27585
36609
8498
46617
72988
22075
33779
67246
53206
52913
78874
74527
31702
9505
9252
74233
88314
74501
5009
70793
60137
89975
5619
22675
8669
49415
43850
12508
2680
45342
71689
48958
54067
48954
54413
55885
80971
68497
87479
48932
70626
87400
31609
64343
17496
23831
77602
34220
24215
2725
91082
28810
60544
81114
18919
57270
78058
16099
59117
44241
83041
21096
24845
10969
44709
79436
47025
89981
91465
71775
48584
75390
33134
89456
32045
7642
13892
25470
81345
19788
28974
87271
49031
43154
83423
38345
12800
83068
77990
77364
48205
31372
73110
52218
67141
61379
65394
91293
14675
73703
34022
62610
41112
10845
78953
55855
44193
61402
40330
60234
80430
74118
90326
73753
32791
52266
71087
86565
9460
29394
7319
8944
24265
59806
22273
72446
67123
74024
42492
51603
26895
1828
22419
2773
43932
7119
28994
80238
39243
8911
24843
11120
27067
9905
26031
53074
48067
26664
55716
46393
20886
74225
60492
76110
12274
82173
82601
8767
87437
59878
6712
17197
44700
58738
26259
6333
27241
83489
6398
69353
84144
14698
29793
49151
39238
64133
9238
22204
13771
75289
80813
84726
51147
73196
61479
26934
29383
54062
52760
37970
65502
79464
72875
69458
66587
80494
26218
67556
64018
46803
55244
9436
46567
39930
22500
21709
170
17069
53908
18235
18166
70816
37227
79352
49141
2972
337
76530
1702
9594
72498
53905
6298
12746
58885
139
61811
23352
56348
7758
45803
76549
4969
16779
25705
29385
86150
59581
47251
12414
3066
35898
36269
73509
78436
67394
47241
34122
52579
83038
79477
22767
23659
12761
6893
46613
89481
84325
84142
28876
32648
25765
75848
61006
10112
77142
20294
66565
16217
68730
38206
1253
53323
70014
82107
22094
79691
1428
88284
42767
2742
34980
66092
73150
30415
74805
18411
27140
24880
36929
15885
14959
48843
68026
41341
43068
14179
66081
30310
37575
67979
38513
3453
35208
44680
83519
3998
34648
17998
79789
24033
54098
52009
13111
37905
41497
56014
24961
42833
4141
9117
48619
90939
329
69461
63002
55390
9972
57761
17158
75388
65270
87134
5816
29446
575
23328
60206
82184
46411
79210
30888
4908
69583
79144
60195
38353
41231
52645
4126
39602
3477
89527
40599
56802
44573
9615
6446
35168
66843
32629
43016
15668
20619
34939
15743
64027
43168
38945
54146
47997
81012
12469
26496
23633
59748
15464
75583
58563
33337
69852
15612
78817
19297
36041
28174
44147
60649
65460
56675
16502
16421
39473
2982
76648
87527
19242
26013
90434
8122
83628
18560
85710
81496
18599
74104
32324
44872
12726
90605
12881
50157
7041
6839
1084
36595
37010
42280
26206
59432
18370
26037
36564
32475
58002
24932
59486
3957
62577
8439
79214
42041
48536
89470
67855
9031
31547
68732
91226
42965
64307
85294
32580
40197
1292
28710
47486
68634
36682
34482
23338
89408
57454
75579
7982
62883
13308
4295
24275
60730
53855
53560
36187
84371
64879
66893
66500
80128
2373
39617
73077
30043
75284
18779
66100
33999
33641
45969
62628
45011
38546
14308
35523
57741
60801
45568
22552
5083
33153
89651
50722
2069
37609
6594
12982
55938
79266
76678
37664
71468
40127
11391
10827
26481
20092
14011
11792
62418
73873
71744
20000
37421
28597
26338
26071
73109
87737
35842
74022
31006
71053
18283
68084
75135
74899
31708
43441
18116
43455
54194
27716
67082
17707
15678
82767
85781
86741
55970
58605
48288
69368
5444
30632
84823
24578
41717
32424
81251
83474
77704
69485
20937
67916
26667
37997
46920
61746
43258
88634
30383
55764
85613
26511
33727
40081
46519
54693
67655
31718
56715
63998
61143
68032
15678
76710
38566
36448
68141
27623
37216
11612
7000
56575
88731
41387
40496
26064
36593
86198
15612
28148
37467
30154
78429
65630
78308
45223
81129
38737
20746
22324
12124
61396
88355
42357
35128
53256
37213
42295
73576
2435
54105
27641
37644
50738
4433
84878
28512
64378
64872
24050
32214
87515
19024
72434
27061
39317
26854
50294
83374
68840
53794
85861
83829
1931
13643
65391
21314
74593
69368
84886
10148
65809
90516
46122
55765
19929
2370
20582
30236
78979
54013
3548
88260
8539
1264
16956
55209
65859
70586
29874
29100
29612
20846
53517
41551
15183
35104
48429
86510
39486
76024
52926
41048
53425
81607
63137
4079
34024
55834
73946
11744
61142
3655
63771
62260
22304
58322
31504
58368
785
1680
13564
2468
90035
3332
31309
74958
379
52141
12261
3056
50521
36930
81352
90586
78883
28955
60744
40618
51156
75334
18903
56278
74912
30256
10014
15290
2279
69790
24030
62358
72435
65815
57437
81190
89856
56719
9933
73899
49724
77776
76711
23966
86047
67001
39143
53756
68162
60622
79125
47780
33903
27949
17466
47502
49792
26465
41909
61703
85210
76725
64723
48399
71241
72975
67304
36251
28759
15922
22486
65088
7745
56298
45449
27047
37005
77733
48927
48195
80214
32717
43716
65662
51023
79810
45935
29787
3636
77326
84872
63667
42383
67689
55108
81314
68154
29528
64077
51737
69020
36930
62621
44554
85619
81432
59393
84121
27790
64804
24651
71471
33841
90505
27568
73708
4134
64130
52473
18783
64430
1651
78300
3061
66401
50113
54817
27273
88862
43866
20191
38565
43715
27048
50382
27090
22922
75811
77288
34940
25406
37697
58764
72002
72309
78418
16371
72712
10666
83003
16011
34202
35426
71214
29343
84169
60756
30336
21612
10113
55615
77581
63558
8381
23553
43338
69152
18200
637
87770
2236
41024
36217
43302
81707
36248
32899
89687
70691
66582
8910
55993
56960
54041
72553
19202
27960
21920
48212
29845
72144
89190
83211
60294
34558
85108
69337
25158
27608
89449
49593
81496
23165
49029
86427
43771
17295
78712
87818
84783
44912
28175
83974
83071
9775
68614
40707
23399
75109
13963
57726
3716
36249
31288
66786
80802
23849
38710
20526
52695
37961
13951
86130
90430
49135
11374
7409
46890
64018
21473
65851
83416
83876
5176
79623
8564
57966
89976
43980
45019
3794
10304
60196
64811
35965
16859
23378
62054
23294
37551
39542
87335
56320
36068
53615
26597
22840
61646
68150
59047
80613
86788
22450
80179
49258
76002
60931
34768
49342
21861
16515
61904
45535
89680
42980
45819
7516
45276
86529
5314
83095
6566
74980
23358
81980
48111
88069
30749
57846
14065
42117
74347
50763
30193
44690
14408
71830
16464
54288
84237
32998
46790
65041
79852
82781
21148
64129
14170
60719
56320
68159
29645
63359
24416
5389
83932
12180
89272
61160
229
65047
36492
21180
79061
83531
50286
50384
4246
85042
8505
53889
57630
36041
14671
22757
52702
85187
58407
19335
55681
13988
79677
80446
33720
31062
55532
50131
19090
6702
44352
32824
79868
32290
87682
7734
9703
55296
88691
50440
28039
89554
79529
38826
55609
28760
15212
74077
60397
23313
14805
6994
66616
9224
55016
31992
48254
80310
36480
12028
65716
76239
64493
18604
4758
80209
45702
64896
17656
5195
89388
39869
63547
20064
10614
84575
73966
20637
21282
87891
63700
27949
30914
25862
9074
50936
45904
67817
41915
13890
61227
84394
70386
63600
57648
26916
23355
55730
75399
35436
7601
53702
88017
77524
57535
6854
10219
39860
79860
19489
78129
4647
11772
65231
56602
49160
90298
37719
41540
26999
39380
48980
13474
27315
53974
48828
30960
18961
67525
26412
70974
17039
79061
9554
59857
39520
17059
36037
34008
16190
9020
24334
7295
7562
11724
57725
49631
15186
3352
32443
9129
10052
20522
53689
87952
47130
12795
39914
89493
48727
28538
31697
77584
62366
64916
19430
71337
66075
2528
20001
19358
55887
82326
48872
36469
13368
24320
88876
13500
77458
66872
88577
21245
77872
35640
62609
15710
37988
63486
47914
52454
78822
30193
41681
83952
55212
36790
67095
43062
31079
37530
56772
51488
22205
84353
38419
86166
41752
32633
67536
17587
78139
6680
40507
66132
10544
21642
89430
26125
32307
74318
18421
62363
22337
11777
4430
62286
6133
17358
46924
58493
25060
51959
57998
58056
26811
21343
30157
62984
3388
53490
1871
5838
90049
8852
33167
81340
58636
6233
88872
59931
79180
74213
85156
57180
18165
76126
12216
6345
54021
26639
66929
40439
13971
10657
42727
52771
4477
56493
27369
27927
25561
32367
35357
68640
64240
11762
78925
29359
55240
7144
57816
71527
87876
64295
39446
56775
43102
16068
55499
44646
37217
89097
20885
70176
82880
69956
28920
85146
89400
39817
87277
60055
76410
67028
14658
43002
27109
42094
7441
45190
73707
19168
2983
74394
81934
32998
35068
5820
67307
75320
52123
856
45083
21082
87795
63749
80911
14387
65081
14582
42270
23986
44706
36156
28257
78799
51575
78717
52290
38420
52914
37038
62070
67672
40431
26597
13582
66488
57068
67940
44105
42663
89647
25170
2833
43402
90022
90254
21075
80872
77544
18023
12516
24415
83383
23755
70055
42979
88678
7845
78125
20692
30378
11718
30868
45950
24982
72779
13400
69297
59809
27973
29336
41643
23397
31996
75118
8151
34915
62227
25841
67188
64489
62247
31935
71563
46882
79276
25055
73488
3335
5675
15633
13596
11006
71399
26811
59295
11082
8699
16176
66298
81596
75564
49659
9416
75739
37125
47854
60891
375
53521
67244
66079
57140
987
14818
41876
13076
61345
67522
48673
12532
65663
42474
4747
3715
34942
36236
14749
27143
60587
82843
4394
3786
76907
57723
16025
81919
25267
64365
85400
7890
50893
47790
84570
60546
23458
27137
4394
47675
39885
1500
83884
23799
23696
48340
69361
75026
1600
47822
71893
59750
41974
1019
86114
45222
27487
89531
60809
78847
38204
39167
30777
17635
37227
71432
19335
63645
32619
18448
26253
83653
10779
14732
27002
38751
47596
59995
48069
48498
89189
89991
25555
54997
25484
14534
47059
2572
67516
72916
47904
21252
65748
40704
21672
15869
66575
90077
11138
74291
70188
82692
82870
74664
50291
32839
5697
12826
698
48252
88175
25055
86880
15228
65434
78406
40367
61167
79891
65525
17593
10854
61122
32780
38119
40861
38254
77356
27264
36923
78674
23014
55470
66895
11209
14940
40046
13321
644
71814
71366
54074
36234
23610
76830
71908
1559
35801
8744
62554
803
23596
69828
56109
77814
51501
56686
12265
57385
35325
87505
72463
38565
70314
32872
80871
65370
63310
14840
82797
34230
33561
11038
808
27564
27626
59017
42157
16982
54802
83393
85179
35099
42114
2685
7192
45971
59383
1206
4488
18705
44228
49400
56000
4651
8192
5194
1983
22893
84382
1721
3156
77411
43467
63589
67316
34888
36658
36660
70272
55580
69164
25600
19143
62876
66846
79539
52172
91
54644
86626
36046
45020
44302
8048
8715
17517
34982
66413
2827
71240
54313
47161
83990
12780
75070
12483
11258
21399
29629
13519
68220
79401
81495
15740
14704
65053
19782
78134
81096
42258
45533
82840
69159
86639
37285
18729
84628
87980
67274
44195
18975
60758
60060
45914
39030
40373
5095
67010
53092
24519
64555
79124
55967
68828
26841
60673
24380
