17360
97721
98369
197
35845
71154
79456
95916
25749
29759
81538
52659
44061
25938
27169
10867
91011
37866
7920
60358
62821
72043
78140
27098
75979
75712
37270
68278
3954
33477
32334
31120
81686
28365
53797
92977
6549
7006
81423
89734
21046
30282
55656
87592
21762
13803
97472
95686
31303
40408
79499
38898
85478
38352
34083
27614
91519
89135
74866
378
84620
25165
46937
76516
33814
45370
97541
64130
60773
49411
53615
72856
78045
99578
25547
70942
74233
34487
86463
90375
70211
46360
3532
56413
76883
11643
39066
90411
12603
74166
12277
51773
48459
2977
72939
36014
97742
65593
70755
53949
67222
70864
70523
96998
17427
10855
47657
11171
858
36943
3552
99607
58483
52768
8586
1508
95242
89220
71808
19830
2539
35463
59742
248
50938
32722
38180
10978
12582
55184
21991
62588
30260
3070
71733
56787
92672
28514
19934
48654
52908
77888
32554
35549
90518
31114
7518
94125
63312
34033
554
28499
36148
31800
81421
57316
74562
56494
60931
21366
36029
61131
62468
14077
80258
3702
22932
76108
87854
34909
21283
28983
86420
25353
71218
97515
60193
54406
18813
74538
76085
76694
39707
93518
36386
59790
6130
99512
43307
20691
45675
72507
4224
20309
66776
7315
17025
65731
27426
36253
55731
93985
57886
63347
3851
50293
33072
20982
73176
5137
85850
55762
7338
79674
61644
34514
34418
79605
86568
99111
15475
83672
12721
22728
10477
9804
80329
37562
54279
41771
89356
81282
37399
86288
33566
64504
28361
93123
12725
89361
34884
76893
83331
77889
61059
50374
71791
31227
70286
77277
62045
48292
24433
54904
532
74703
59195
58037
19650
96002
86535
60137
63539
31742
69997
52369
50110
74620
92336
10835
25455
27537
55201
16918
67080
23040
53739
56652
50060
36919
37834
22404
59350
50844
7424
15561
16724
4101
66193
87664
2414
69756
48887
70670
89889
99093
16852
96133
97507
47358
58501
41026
94461
94426
9028
14906
44385
28229
88797
96784
9938
29064
68003
96976
44537
41520
88777
30367
10282
23966
22608
79315
93068
59466
31873
43
74896
35085
85087
946
78256
91310
2008
59813
92335
86815
95465
95585
45380
2358
54289
95827
75343
63234
94234
76264
76542
24881
17223
10583
99025
85709
91239
74040
45609
738
72561
19253
40083
20816
60486
28001
1066
72292
8678
2488
90593
68341
97608
40527
34837
11518
90606
13013
71923
45739
76304
76582
82075
91597
57668
71949
97743
44359
1585
12440
74283
96035
18646
45295
60952
27738
65079
22561
59673
33912
69926
43828
96864
32240
16580
84858
29776
31764
55341
26951
50699
16269
4038
63736
37749
92334
42381
33763
35424
10175
45500
32750
20225
92869
74634
37521
58505
377
66616
9226
35546
28978
15867
51015
33093
73395
51090
45263
33674
39055
11985
16200
88981
41596
4030
36756
26612
1559
5035
5720
96142
98634
79968
3744
97485
93912
81590
5114
43330
63719
53429
81662
89252
86743
89789
28555
25596
7555
65174
41376
75890
30756
32275
36724
86832
37654
64999
57840
16026
74172
48307
42292
82883
88636
65323
99436
6459
88164
24189
19079
95729
60312
35592
72034
64967
41042
46021
77201
14875
73844
68214
87495
72832
46788
49987
71358
19693
76101
66747
92974
62594
17122
65274
55810
74817
1225
68654
24128
57064
14846
17207
55844
260
30337
73245
54818
41956
17895
39452
69786
90404
36889
70302
37729
39952
34644
23647
76711
75564
47173
83688
64547
27827
42043
85344
86438
49774
85540
87932
9052
47771
124
62669
41029
36303
93718
38040
65639
38819
40674
29181
37696
50181
20727
85834
19182
60311
95054
98049
51084
78040
47627
10993
24059
41520
44333
45429
30449
18609
19682
83049
2563
34104
45800
27260
92187
46336
1859
70304
30535
88779
44663
77947
17996
46850
51970
17970
52888
24064
74828
68638
71362
79892
1619
82348
58950
84940
12783
60896
3126
47997
32726
49027
32771
76988
89725
49956
59402
19548
92763
18154
20672
58072
50814
826
55237
79617
10653
89994
46765
88243
26685
51845
3442
14461
12465
11764
63422
85301
79604
5937
89811
36568
96437
41208
69646
88460
43467
48056
85297
7382
56907
99108
12290
91769
42240
72046
67380
63116
32493
61211
95265
93112
31766
97539
77834
52280
98880
85331
47843
70153
70319
15559
70283
82983
88755
97829
83288
5896
63347
7816
13927
15308
45663
64225
46428
73617
7299
65303
3040
4120
75094
94599
90480
15574
31665
61865
69149
85382
23877
204
74856
58138
10317
81168
5151
89341
91395
48894
83411
54042
28035
75239
32906
46878
44738
16588
19208
33356
47865
19760
18200
23480
31275
25367
526
80535
23547
94179
42759
58757
18932
85012
33285
87510
95059
66827
66580
12766
91547
4905
90484
47353
79501
56181
77737
20750
40529
12205
14005
94027
781
76735
10406
67972
52545
77274
63590
36507
7633
73687
74944
81145
49696
59208
44558
32537
65030
95519
215
50827
30028
13524
35047
36254
1615
75487
62116
40321
41119
74221
52234
24331
83555
29557
88241
6542
28427
32676
57812
21406
59286
10160
35052
79731
2582
29334
41049
964
44996
84021
28047
6681
54125
81563
10134
1205
99111
83362
15029
16705
64881
3490
30606
8982
3856
61202
6378
72433
67167
33599
20792
56398
30582
17227
14330
27781
19665
12751
39144
60600
81035
88588
86243
21954
87216
42701
6055
11572
5028
88975
78857
88876
39819
5188
20035
66429
81714
81911
67142
82208
58287
69497
87518
80563
91181
58861
49599
80711
74038
16657
75572
80511
24386
7422
79491
38035
33545
51
44724
67289
23366
61251
21261
84412
95289
47334
2664
48110
86243
41681
63950
62817
83023
20406
49888
67289
18015
13710
69672
98994
34417
93345
3143
45876
96538
78686
75744
35530
89710
43691
36588
12760
53102
20435
90097
20201
43526
54328
16885
27804
5233
52924
1839
50070
74516
37556
10759
39307
31293
1213
93566
51271
56070
74744
11555
34248
32709
34766
73179
75742
11857
45322
9587
34604
74914
59615
16789
49312
40775
44291
47298
45831
13322
68549
17105
33865
4898
50347
65441
5606
35777
80594
85766
39005
66952
22543
91824
83426
94892
51648
84271
67312
68775
81385
81645
25764
17472
58515
9963
88677
73695
48704
79929
84902
25953
93883
22387
81737
23133
31296
22588
44382
14957
8030
24731
69162
74028
78229
23012
21391
52608
74336
36002
63300
20323
55525
52364
13104
34575
84183
27757
86606
6971
9771
17152
57844
23643
64719
98764
25901
53224
83362
4700
58513
19916
80373
23225
21459
71269
953
77142
44032
36036
70838
61199
62500
67482
23251
41380
13940
62215
17005
68381
12126
32199
38578
67784
89271
26958
94816
19396
36548
63592
64378
85101
28578
90818
26523
36715
15627
83152
20835
40238
29421
35248
62635
72846
26136
863
55007
55357
20927
82652
49752
19600
85957
31239
34738
88933
33437
67928
29512
81173
76936
72064
42792
65116
12135
98267
23621
39414
6475
21041
51926
36165
70914
95924
91716
64037
62655
2376
67140
54532
31353
37970
11646
28078
18782
9182
53711
21573
40601
10587
17338
46404
65152
11653
67491
36829
17424
31767
89542
81159
40756
63955
87364
62168
89531
80620
11822
70966
45854
27367
50387
38781
74706
65846
70892
5742
39056
2808
72857
46484
21371
24869
71745
5229
12413
51931
47502
91055
85461
87943
7645
18671
36485
83371
1028
77870
86887
76833
47760
31028
45327
12848
71103
13640
45517
62754
25802
41703
35960
87747
39150
22424
91274
69241
17917
22913
62669
69557
47352
59891
78642
87146
45678
91072
67582
63885
90306
28628
9772
72125
11265
56513
53016
51865
57327
27625
14841
96616
53469
46878
61457
81953
29591
54630
9011
3127
77673
1271
31955
42632
78343
42886
4579
56127
38981
60453
66602
35044
83949
57896
55131
71934
95194
89540
91454
58356
48590
78046
90361
91659
93273
86480
15154
41975
18364
70224
63760
81896
22402
6469
28519
27256
7438
76260
68269
50912
72201
2985
52844
32989
95321
18229
52570
71619
26430
43641
79126
6293
20666
32854
9546
2143
33909
93254
16851
38408
4513
95356
54425
14186
6599
21518
27862
47113
4506
93708
28168
81561
68423
84511
69066
85476
40364
64165
36777
39216
40724
71686
80418
37681
75300
89685
8238
43564
69017
22026
21731
82009
23246
87290
21602
54335
61031
89150
11233
90414
82024
46350
89422
91068
71017
63066
74984
65541
4771
1266
27145
70649
24162
29648
35680
92028
2662
89953
12164
27435
53348
53277
54165
56758
10350
38198
44601
15258
30746
5907
1093
72987
62008
26785
4075
17102
75988
40111
19414
23939
45735
1245
31029
28891
85712
55639
66852
69066
43738
55584
53878
8230
83808
21610
63606
11866
61649
51112
9752
6591
90011
72243
43405
16134
37029
24222
19063
46604
15456
8632
23145
24330
25353
97903
94506
55768
10349
70250
31910
66862
22267
66656
12780
95731
9478
90247
29970
34146
35292
61108
67842
83894
61087
82066
54988
39921
9632
61245
88352
70101
62310
63682
13733
43336
48033
14978
86371
46890
33413
94557
12223
49757
93114
7003
19822
37565
65584
53470
45052
19002
91448
76647
91095
591
37209
37653
41913
36705
56992
67387
35473
40493
34580
51356
75678
19743
80794
59211
98553
74420
28913
73298
1620
10634
66853
75194
10806
11984
26986
20272
52108
78109
7849
38531
17515
79382
8508
70098
61255
28537
78245
52393
97036
93032
76469
10576
85135
50619
52437
40454
68697
24182
30831
96099
82761
22219
51962
53133
54190
25280
83794
75467
9567
23064
41047
36462
36829
87412
52431
72972
52946
78126
12465
43873
91838
11846
3645
44270
47767
74273
66194
67666
97064
56180
29551
90185
89115
12977
48945
71466
45042
88997
10933
62716
93384
38462
84699
49961
77937
42816
39116
6410
55796
3780
5551
61901
40244
64623
35278
96109
87809
75693
24875
17453
75024
14270
43410
14700
59846
97779
810
94516
35657
87324
27669
39320
62587
17877
47018
73486
161
36582
31831
1657
98146
30430
78879
95720
73688
67812
1444
77945
8561
5107
47291
71680
10085
29873
10841
32593
1566
41283
20293
65058
58690
55743
36421
87049
62960
52447
41199
63005
11338
39214
19302
84036
36903
44161
62312
5899
93251
28808
62688
7113
61597
71614
3941
86990
38008
12147
82140
85877
56148
41462
4246
62964
85040
22184
25325
66142
70339
68968
73124
95538
69187
40164
91499
819
48534
44624
20775
97710
50174
54091
13307
16596
63882
94459
13832
68959
57338
51802
70781
67797
41100
31775
18808
9917
41220
24738
26286
29602
6490
81846
6542
83681
56229
13664
47398
88323
40643
94321
88050
10080
36068
40953
33083
22898
36580
75534
31637
56509
32695
71501
27709
36471
77718
79059
59417
18847
66372
98237
31620
57774
18801
93378
37410
54804
77525
21367
35197
38339
97331
19142
9838
18217
28415
38474
44730
80630
27842
93626
2132
68957
77580
20396
90640
35594
45801
57638
40132
32594
51607
89209
44145
51813
6349
87187
10428
45503
6778
16711
13771
51968
88858
4947
84938
36002
63065
26210
43045
51124
68170
13972
97100
69601
81583
45719
2539
73020
68147
78604
57526
26755
34272
74995
84585
33754
51709
51835
15680
75877
65514
30306
86841
30389
44541
3262
26382
34963
12329
73134
15682
35028
66630
23471
89227
7661
38296
17259
39152
19479
39278
57848
74542
30088
6941
73309
49499
59368
4850
71119
40063
27818
15937
96947
46692
70864
58179
28760
25309
64131
11218
21344
54793
80380
41811
57209
20051
66321
48491
44498
9309
16669
60593
75070
42364
26862
63193
95301
40857
96051
10161
93787
42433
15722
94361
79338
64152
69574
68786
89400
80224
59331
86083
45198
33254
69538
43500
55355
36476
23227
64226
1322
73843
7128
6407
11316
81798
49004
42712
31038
97720
73668
86337
55682
44025
83683
68341
36204
18800
96110
89016
39920
33785
59507
69126
37731
71758
39095
84105
620
84195
77773
23847
1890
94663
76509
28159
94796
20222
92291
25782
85456
35673
94870
70701
61833
72656
17311
43419
77679
80167
4633
55854
19797
31424
97853
69956
90095
79975
46477
45366
36550
68325
87955
82412
84150
19417
2856
10092
86331
70160
41460
198
44559
28518
43761
54771
61867
16998
34547
49053
29753
46151
38820
86335
62299
13795
22444
20502
96154
84277
77193
70217
60510
95208
22706
92028
10346
66859
66624
18722
9172
95806
35827
14504
5115
49595
65752
61135
50797
68106
75617
11779
6444
51970
17367
49526
65541
68646
92872
9227
95505
77694
34494
76474
43319
28127
40160
31898
33562
31573
15350
87368
56172
80766
47799
32549
47185
95955
73927
43075
7307
21196
24245
88724
12018
49748
97191
22612
95624
14834
76261
58777
48758
51869
57127
15591
50215
34310
14981
29574
89895
19625
90481
73141
37111
70300
31200
11790
1020
17185
72755
75102
32473
24564
72233
56712
33870
54708
46439
61738
5991
36134
88725
42035
62395
46445
72039
45239
20879
77249
97671
4841
48416
27606
64633
47830
21096
42992
19230
34829
62187
8237
15086
92830
82706
40933
90425
81319
7469
6035
49034
29148
52551
30737
45190
34949
85483
80235
74916
72959
85230
76759
23536
759
59708
1695
13707
24178
82932
94171
77723
31420
54228
23309
59580
10604
76818
79491
88224
32062
64085
75271
88519
56911
68732
97732
60264
87072
57742
45552
3593
61770
85286
47648
64097
58550
88653
46064
64345
39631
93647
97119
40366
8946
69515
90911
77888
20784
51655
46165
47904
2957
26832
62888
82460
25098
88250
84827
4407
29895
33336
23575
72745
71256
12700
55619
54294
30645
198
96431
95771
6640
20236
79124
92641
40724
34698
95037
14046
45776
61339
88116
63911
12331
6056
34845
80918
95937
34452
66643
33590
36502
46674
62965
55079
86553
65059
64027
1935
36360
42992
40141
73451
28268
21440
46724
28267
33336
65362
514
50005
16687
71539
5225
76905
31724
85559
40049
27845
77196
86831
95501
93467
47990
93142
44871
1604
57079
47960
58845
62788
3789
41285
950
17074
3780
10302
42529
61345
78595
23520
29482
82061
18963
96826
79426
5690
25650
62936
61041
91793
28773
80606
27687
37694
39917
22714
27000
88470
53510
78535
83234
77516
3961
22923
12450
62778
55552
30812
46836
46904
27019
94571
42242
46544
10001
68045
83483
32831
15594
3239
36511
20452
96362
76470
78017
38112
3997
96081
13
91696
88935
87219
44987
81375
60174
13265
51792
31278
50669
33452
8579
4385
72536
22539
35465
66789
59455
92976
26035
95132
90787
56601
29085
50466
40006
80811
71923
15162
14490
51959
88531
42989
17875
5545
30583
77640
22111
44110
14186
22218
2503
57602
62997
25916
66305
368
25899
13740
85983
74198
59541
5133
40250
88572
83024
32132
73250
37808
66632
28042
14999
91420
62922
19002
16673
63229
95653
83354
50118
32712
80769
29130
12069
21619
36060
6532
90147
67414
29545
2774
21728
69092
33795
44180
32591
66046
54220
71656
43665
73306
82722
41969
19933
25228
74612
47168
63351
7250
49632
57593
89181
62551
36343
72135
37257
70035
93514
88263
80667
13825
73575
30311
7657
56606
46454
45301
18587
20918
3806
70611
32451
52781
72417
62625
91307
1544
16232
77411
38114
43245
72962
75199
64362
25753
94474
96105
83527
86102
47883
11179
84400
1746
26447
36378
12186
80247
55195
23998
8168
24988
46806
17630
23211
5100
20956
24960
60740
27754
38001
59268
83216
90818
96519
2229
56292
32472
96862
14217
91255
93935
35842
32758
20393
10415
41310
65542
48601
85820
57608
31399
34306
95580
19348
55057
60922
45964
15800
37087
75355
14188
14745
85938
80533
49396
28530
75927
63063
54790
61170
61297
16924
79571
33873
13523
69230
34498
5450
58161
54596
8505
78357
24445
20043
88718
44825
74465
34656
88369
61947
77404
44618
70409
3967
93032
71229
46368
75071
65751
17970
69669
82963
31550
44319
68085
35602
85070
28823
78698
52325
38026
59112
69481
17717
60276
34240
54974
94752
24028
36593
26174
37649
57681
1197
18681
75152
50443
8063
32722
45470
42711
57221
93024
43134
29703
90489
20107
70212
49439
21623
63464
29421
58546
61002
33153
43316
24444
37460
37709
18508
33228
9865
42136
94655
17518
38825
66056
53233
57190
62838
93685
8253
31679
1801
75291
29452
18066
33707
14982
30352
14470
72815
91054
76505
76388
46121
12269
37806
71842
50752
7234
81536
80050
95549
50739
89716
66515
72519
48327
88846
20848
73615
85382
47989
42434
55600
62695
92831
21890
74295
57021
82975
50633
30379
33329
23833
17565
15699
17800
46142
5642
13674
49769
1266
43427
63328
57490
13522
72916
90562
61272
11184
15809
68263
89609
19739
23372
4155
40058
48834
35464
61908
12418
30406
5745
55090
96350
11808
25087
6855
5143
43313
72824
74584
78506
35782
19781
76371
27418
76060
3855
62800
34745
55621
35778
35403
6905
91613
93134
87586
50442
56580
30995
36712
59338
22240
67044
3436
20688
11284
58695
43105
89150
75269
92726
88088
71409
42290
23802
39932
18991
62641
40043
60591
76637
94966
72024
48452
57059
22480
47269
19185
30261
44695
40464
95738
80904
11188
16918
96145
94419
16233
94907
70704
56992
36995
62858
60510
33810
31624
51270
30186
50804
72496
56842
51320
23832
19608
52525
59942
51
91111
17830
3892
81993
48153
77425
26347
87697
76248
46809
93926
46023
31410
52717
66802
9114
27661
47390
61816
81774
96713
22422
24328
57422
12167
59780
59335
64866
10138
66442
19523
30268
37408
84468
23471
18114
13216
78879
7933
75321
63104
24603
60883
20688
71515
73030
4933
79383
89296
94914
73546
73619
41238
82743
27680
2705
55693
81213
17894
33587
14149
93584
4480
71099
61718
20073
65462
60042
70508
54462
85816
23188
6539
26838
25595
1026
89904
33179
92906
43157
41746
71405
43367
8171
44692
15507
8253
17584
39734
8430
3300
75520
344
45200
94874
59587
89345
33732
69688
68886
55928
43324
83288
14645
87786
55774
77663
78354
45734
72842
90601
86565
54840
80963
58859
89805
62559
61298
17470
4640
63900
32105
75833
56547
16217
65841
28967
84433
27283
22949
58269
66107
48670
92293
78446
81905
40917
78198
4312
69387
94760
1310
45570
27710
10194
13870
82274
57109
88317
40446
55090
73029
16113
5756
70648
70154
83445
53022
92471
70473
38079
20
21338
7147
11201
5801
12818
25243
64231
18652
23215
32325
65633
93242
24228
52242
60782
52096
43538
82660
38758
75658
65483
48530
48458
53933
78690
83228
79651
55920
90978
53791
44972
26972
6486
20532
49012
39109
68147
31912
67939
69968
2202
94136
4558
4221
96191
72382
68185
18853
26372
84096
14308
27231
17046
59068
40347
7500
17866
73869
80397
88215
86182
31598
20884
57097
23581
7401
75195
79345
70763
70540
18698
87589
13610
59728
64551
48124
38169
86829
47767
90356
72463
80343
72798
37553
75332
21862
26014
78986
58383
59074
33456
43000
51332
41643
57239
83628
10403
66095
47695
43332
82167
71866
5399
66042
86544
50017
92432
38386
92945
57701
82852
25261
92654
53931
94996
79814
32433
67509
9137
13355
60490
5677
20399
61966
5409
74337
45240
16062
42424
480
96491
40209
45724
91943
23951
35965
1807
35496
96859
84517
54552
51127
20152
73448
7648
27050
96475
55975
33912
13373
16521
7396
72310
87332
49409
46540
76942
50765
77972
84901
42983
58393
1665
46057
74934
38503
88640
40345
8422
49595
12236
5270
80447
44322
24669
75063
33385
53019
73659
34292
12095
56882
73717
93483
6417
64993
37531
4397
94389
69123
20446
45869
54455
54859
46536
987
43952
2957
47912
2942
31910
16612
95591
60176
55603
55632
77478
33476
6212
12675
71527
6339
87213
59767
50069
24550
93270
7806
36206
75693
10966
40319
11436
29473
82436
74581
91732
58801
12270
77550
58655
11699
73361
82270
70102
20190
69967
57158
25648
5334
51801
96864
88150
3885
19267
6561
29771
90741
53246
93222
85123
57767
95966
3604
23140
70877
45226
29415
87038
44118
68642
71774
67155
14764
43072
57737
96026
80653
66469
95143
83148
61105
22621
81496
4676
26010
21640
4243
87405
65849
22833
78038
18773
35612
40629
72703
2029
32827
37497
33373
53331
26081
53783
95184
87191
73790
55454
1350
40745
91035
58757
71136
24978
52043
30090
45041
84987
51253
50137
6114
37579
2411
40661
92340
499
2407
64095
69195
31542
93039
35700
57455
83412
2250
2716
13689
69229
71242
34189
13551
4394
12465
33037
45493
29467
35728
87630
82045
27946
8188
29827
76338
62373
38143
92812
30537
91275
72447
96732
44573
51574
43131
25433
41318
41956
63000
88671
94925
63206
92716
79230
63414
53903
16154
66770
64521
33689
76810
78537
90267
75412
81804
32080
30327
41244
39187
12610
92002
87500
61406
59770
81129
34951
13891
6975
44824
55472
29811
16980
25279
73333
59386
8834
74801
69038
37915
95587
39562
39156
7422
79025
13139
42016
88360
6783
12740
35341
4465
13031
24794
36168
64895
45300
58890
93856
51973
66288
31307
67285
9008
80748
83044
50462
95873
35331
39302
44303
22739
26589
13385
54110
78886
68237
68814
71953
344
24527
65453
17753
39737
19630
25069
28711
23653
10408
24029
52718
27992
32841
29990
45739
84729
9423
74511
78356
53783
11867
33216
51313
43452
15912
13053
10198
47418
21632
67826
53082
80313
68274
38280
54912
14468
8775
303
46561
27815
12690
87286
3195
20284
25053
30037
6833
64574
71515
25910
85230
4367
30101
94364
17431
30259
55861
70832
26124
33854
14710
26277
19631
84027
31800
33911
93012
43800
39069
13860
84206
96528
23472
50976
1293
96555
23907
66884
90340
81998
37800
66122
94165
55087
23166
46004
36168
74347
65633
53222
85031
56512
28517
47970
39052
89982
33834
49663
40148
16213
86774
60065
5287
57138
76881
50136
5484
31022
6633
63348
83445
61021
60734
22754
44807
92721
37553
4126
54105
20815
53611
20685
55917
6804
51022
52269
20607
5660
44716
77843
29029
89799
9103
48
80316
69284
54524
11666
14701
61875
11838
4019
71884
44096
82213
78480
21735
87337
26593
25532
94759
11872
10185
58351
92973
7529
38109
29214
67234
4479
80152
81288
63499
45135
66800
29639
79646
25377
58572
30009
86461
51764
88561
56083
63461
4405
66966
92937
79011
24454
38310
95484
79462
57308
3811
6472
65052
77489
40169
9541
66595
37352
59944
52514
20395
65877
61802
10545
65520
75254
45533
14346
22303
19815
54350
29587
36557
26765
55436
11009
15743
53975
35354
94033
42500
16764
23296
78294
82581
52154
45536
7318
38505
20425
66275
29780
15923
21754
39974
39866
84393
68808
82237
24313
4583
42016
37862
90427
42362
89053
6318
94155
10207
27416
75846
13679
68134
96228
33286
84795
74947
15318
88123
5110
22771
94923
57776
7795
90262
33959
46744
86238
76551
63541
75658
42425
12919
78317
62575
27263
92393
86715
64593
57084
62960
17613
55891
5359
42906
63362
44642
94611
27336
36725
79170
42476
48294
80771
18963
29891
13035
37051
77948
13866
57510
68640
58278
54743
31462
86902
88653
41499
49615
54006
46457
49927
43065
7146
1384
54791
52653
16650
85741
26707
83898
88870
25200
59484
61156
43866
19527
73879
69698
7577
32434
62564
9866
78759
28475
11551
40258
61187
4447
75924
11322
3179
37028
3937
40753
44973
50963
74989
39052
55852
56250
95463
47228
95647
11133
69270
32603
82343
48424
85844
69382
66575
70365
42174
82886
78266
69874
54180
54319
43673
37094
59524
64060
9157
58618
81150
17296
78765
84430
4419
21612
20131
84744
32395
23066
71460
30895
27954
57760
82260
37887
20654
80264
88626
29143
40863
22501
88071
26165
52203
65030
37939
10876
94709
24592
32909
9649
94481
17128
79010
26096
39747
49073
93107
8286
85698
69728
84951
55385
70948
79818
35344
72798
37880
91074
7498
66325
16527
18256
31378
42129
41447
92474
83372
81810
96154
30911
47055
66993
40688
73595
19670
58602
50704
90979
53085
71
82873
25272
42982
12148
63417
22494
45696
33327
60631
5992
92133
53690
31118
53787
22468
81151
89438
84381
69020
9486
38835
22206
89728
53891
79340
90358
53019
66659
24111
41269
25560
8718
41492
67666
8367
89844
28875
54829
26767
68832
90190
76842
75111
67011
39841
46164
35515
69979
69634
13016
95660
37974
12756
85428
11694
63252
67676
56091
75381
29190
25510
41776
18104
69846
4734
69099
63417
29376
24484
69594
4252
28381
42835
80188
29957
81606
30890
88311
48592
25180
93079
47613
6164
76341
11010
60551
61501
7472
6674
47311
29935
34213
33447
20264
3872
64502
61820
52387
54680
7062
52455
58420
86461
10629
13496
45698
35293
74268
92887
13326
43500
61170
17522
82849
50674
13383
48775
17244
88259
85235
56547
37527
91335
3220
90720
96122
83360
51766
39721
51861
2636
67555
4544
54218
19377
51441
14929
92026
13580
32345
14947
3216
9700
13734
55471
63657
79760
66743
10309
52352
61764
73097
53154
2664
12447
10138
25127
60897
35146
17204
11442
7057
89659
35129
74576
805
40939
44742
6227
74507
63339
75
33545
16106
50895
2477
56474
71300
86732
86943
53855
89954
41609
42321
36676
91093
29761
29017
7023
80416
53635
46240
53507
91042
79069
62282
86529
68701
62046
24816
49250
16722
30041
87105
71180
22089
78769
14187
79174
66547
82260
43263
50081
86330
94828
16297
31421
27337
15887
87306
86457
10352
4230
45602
48296
43544
29543
93231
67661
35567
53351
88859
37282
16576
48113
21751
30613
259
63863
43147
88600
37435
82587
13017
49335
6649
18120
53456
88800
36859
55516
27102
17019
45200
71341
55553
29828
1018
84665
32678
62322
30214
84236
15719
10486
36437
45961
51654
35265
8488
75502
46488
49187
7418
12419
25713
55869
34390
86196
33229
73858
84510
76070
32434
60070
85702
63505
69313
53644
57469
7197
57762
73706
39376
34736
93028
87683
41731
76372
11704
85417
54585
46906
47655
66036
54264
31706
62363
52656
53408
10343
74805
94999
33799
6075
69146
90831
47059
87569
81135
3475
55824
7839
71573
67304
91801
94902
91636
54316
5320
6786
72259
44304
94639
87046
42092
39415
40869
627
28950
76455
84749
5058
39006
38034
2192
19191
16735
91397
63885
86654
14331
80254
74089
21581
62151
73193
47444
33737
90168
50215
33307
89869
49707
60966
67166
65174
92737
12304
64467
43503
3402
39893
33270
92749
37178
74216
67087
75234
74430
94348
27474
61257
44817
14633
44281
37358
37597
95487
80564
85114
66233
88677
95634
93910
44482
8147
58354
76221
86128
37202
27675
74274
68445
15508
75107
65849
28408
23053
44511
28940
80051
20400
59416
76061
45837
64152
77203
67488
76884
55712
72362
66201
67369
72189
73392
81057
80743
92551
23428
25677
18253
12753
69161
48167
25136
85855
80525
63299
89802
11188
70251
84822
45551
50241
32999
24172
17828
45214
81125
30593
90878
84650
69234
71933
16452
1297
80062
40259
41929
93854
84766
1668
75758
78291
7219
24902
88859
49987
77956
49331
18171
18642
78826
71740
47206
63916
15587
93119
43999
53031
59494
17943
29773
87671
77395
64972
27549
21398
2965
65283
49036
85997
68731
53119
9046
34562
1453
77961
11232
17506
14169
26768
65974
6971
26745
55222
92608
6803
8943
66201
44424
36593
93426
41828
66675
31038
70740
53596
40347
73039
29160
27080
77149
22386
11242
7114
41688
46347
29658
47473
77302
54830
64605
32446
29085
30146
5620
86616
90035
80628
68082
86713
26583
17190
11418
68137
9229
18335
1567
28081
45351
19105
6201
12759
83885
71587
23806
37690
69726
85641
20775
52412
49978
37053
14101
19516
52410
23804
49779
34206
14866
78386
50968
1294
21140
42475
34811
48580
40393
87571
86439
66055
38339
74896
77225
73742
55711
10371
53605
84005
2213
15617
39980
53390
19062
23773
12819
71328
29273
51772
57814
6493
37378
70797
71886
9556
45920
3907
21087
85639
43119
92724
16472
33467
51663
23647
50680
13172
33611
20834
22859
75245
56184
82295
74129
18099
20714
9137
71208
64898
86560
1176
54665
31433
81911
72849
57547
6690
80541
79771
48698
33574
68649
42944
12113
57311
73873
60868
7941
26739
30947
52481
17623
56507
65738
12502
59230
17055
94709
64466
74454
72865
90262
34850
48323
65422
34910
60243
11567
75931
89314
25135
52893
14233
10843
47454
87656
38318
9514
35984
61088
94951
25396
87166
20093
26013
66020
12107
23989
45454
40965
62818
38161
74495
5146
6318
74617
28792
24266
53073
27356
67634
3812
11834
93565
62224
46494
39330
43768
89789
83421
84314
63797
47618
6934
53103
71402
56714
73395
52666
16068
86186
61335
9739
34483
50165
54861
78417
32157
72107
35392
83337
19997
17416
57922
74617
65153
21422
48492
62204
90078
85831
12666
13876
34426
69592
73796
29146
36492
85300
29955
81214
59641
48268
26543
51067
55616
38303
6233
11263
7514
32737
43394
75198
24126
62426
9451
47648
59726
9871
55759
57896
60635
42376
41737
6370
43202
22118
12840
46781
32065
70036
3236
44364
412
40682
85022
17760
8438
94814
60178
8364
34531
61593
17404
69560
372
24999
41873
37242
23341
80381
23503
29414
83055
51837
84583
73450
15791
15014
50241
48427
48963
13495
41498
71752
36434
81064
77298
42441
63385
80441
10485
68619
64885
53423
66536
51327
19594
61895
89539
64276
49560
72782
1098
9163
20910
78758
34257
52318
85737
13902
26199
29253
9521
39863
25268
80085
33325
85100
84241
49638
12853
71244
2385
87057
71963
93789
73526
1615
63195
10278
5900
15738
46834
34226
84284
62174
75869
91345
95163
62482
86035
28720
49806
3245
53014
24987
23405
11880
53954
16913
81713
67312
37801
70806
70508
75793
92490
4518
95274
24333
30516
34706
91325
57535
77733
77510
66720
68383
47254
36014
16359
70300
92296
1374
24484
87141
56330
13850
78922
45509
46276
29107
58489
16769
30632
17654
12076
14816
62397
9061
68161
48075
11480
68666
73283
11744
50116
44872
52349
66506
17090
12762
69995
56222
83155
64003
39083
88075
41953
62689
4232
12791
37329
24352
70781
7027
1573
57877
17046
1330
41732
11162
29406
11079
38021
19854
22242
33112
10820
54530
54593
22531
16557
82119
61942
62924
12697
57943
27948
63241
39712
79725
28070
56403
49602
21904
26160
18180
91964
87944
17137
16827
28048
78788
53157
16416
42560
67113
2502
55909
20631
1536
64047
61914
39056
1501
66297
6844
5264
45360
269
64666
73678
525
49403
50292
90645
45585
18359
25466
52170
66151
46873
23502
34008
60009
61410
75042
67926
50810
53782
57768
61199
11792
26902
24192
94972
37941
75299
29919
21710
75986
54895
35150
47207
6386
75269
71336
59611
43942
51524
38704
8673
859
17892
91199
10038
84291
89642
77769
7771
59838
12925
49264
46780
87246
93476
82635
65071
67724
81168
54076
17734
45491
49462
68854
73574
11280
20786
21640
51009
34862
47193
18563
60251
46112
68935
33668
21357
81617
86015
51542
83940
65352
93654
71967
12436
48319
94321
75285
32661
35752
23597
40837
93730
56545
5439
24220
71314
25142
88619
32715
43100
47903
91229
37729
26566
18964
6488
85775
42606
34205
44399
6615
80615
46391
72750
91602
35054
27515
21940
54653
84279
45503
23473
78783
77088
84643
11905
62686
87105
46787
27888
38403
3163
78412
21503
88064
74471
48305
44904
18133
55197
59780
74885
42526
70304
5773
64035
79189
85574
35596
46026
76367
25806
81591
26102
19790
33496
87461
71962
59651
77328
40573
39362
87933
23386
19391
59718
33506
68905
82875
56614
29129
49972
79479
69075
61958
79749
76369
92374
86475
92906
53529
8639
93600
35274
43367
84627
8837
42318
18949
17817
7547
90557
31593
54188
52989
7930
7621
63124
20457
81697
48005
596
4864
8260
84535
81138
60535
42980
386
39430
27233
64562
8297
20599
8598
38713
17780
84156
38217
16133
29708
57399
80470
1991
86587
35885
17606
9179
49170
82593
64788
37973
15707
50610
19278
40040
22513
78168
42921
22473
89390
51897
24938
21795
81136
36919
13535
19908
92756
24289
57661
3688
54477
89544
63556
21013
8225
68896
85765
44689
93507
50455
50739
81044
58140
46310
4166
19078
33311
79458
85365
20504
75928
18087
43963
69719
62971
59919
71053
8076
86531
30227
71655
76394
46304
70568
18970
78845
6088
80782
80053
31220
23447
81832
28723
84703
24153
48919
91261
59146
13006
74469
81645
27574
84922
10856
34248
92114
85714
93455
56718
91352
71378
19041
76872
80229
90024
12296
17114
89482
19871
6928
55811
35668
63763
14188
7606
74717
80457
34026
94567
27744
25636
67212
875
85139
91498
43384
9645
83558
74325
87613
41973
10343
11219
21801
34135
86755
17207
94098
73586
39220
25374
35196
61395
64179
3672
67299
39322
7234
74511
88983
43063
84477
37789
29876
60478
49210
83745
78714
62109
90378
43053
39128
763
21356
55068
78347
85286
90621
29193
79341
80061
67067
16401
23783
46824
67222
65198
91495
53746
65728
80825
12409
47458
44264
19573
19030
9246
66103
58048
63602
62780
58361
87650
60915
48326
46057
47585
57769
33402
18591
83547
2814
54283
47438
37562
20137
94775
71892
10070
12656
8218
71102
7986
81966
32988
61219
37317
52858
89891
67303
66201
27162
84016
81929
10931
40579
43652
65272
62481
26849
52278
6149
93277
4611
29264
78373
57913
59896
16700
36838
14150
43774
37362
4479
11239
16699
4536
77899
59913
12318
56265
82191
29370
92235
67635
64912
90761
76018
45099
51951
49326
70851
11696
65213
26936
94134
33048
21488
72220
688
62563
28899
37016
370
45446
88050
54364
709
23947
12418
54300
42214
71192
84519
61171
67454
68962
94112
85202
61801
36433
71247
77669
24001
59145
49394
52417
1573
91056
14753
72710
3257
34263
53421
5138
30556
36499
61237
28864
57892
74569
76878
18125
76043
64109
13498
31651
80822
62408
86369
46668
51194
29689
54255
32941
71143
15944
59031
80224
64069
28375
25723
66788
15208
71156
83452
65192
68443
52859
39958
24367
39209
4965
77787
34747
908
19807
76121
93175
59232
89122
92638
12348
82507
21471
55434
1413
691
56303
39570
86859
81367
79816
83992
82170
39431
33968
73972
34729
63002
59892
31693
37788
14022
92692
64695
33643
4101
28658
73211
45203
34615
3156
46668
59460
24160
31712
56664
70727
63864
92355
46294
31997
7469
18653
50545
54077
43476
71437
1701
85849
39287
84657
25811
85317
17314
67338
30152
70361
20170
26526
19141
74477
39738
77553
70004
83340
64860
43474
84225
56722
43817
9767
54177
6010
86379
57678
66304
35652
1524
87960
68835
29400
88615
61258
41502
83420
35991
6522
25587
7672
71294
90287
65191
48332
90893
65102
37824
89166
38039
68875
5073
44814
46923
39584
19626
75584
89140
85521
20346
54769
2990
91468
47652
40788
35096
84019
64485
15705
7239
86553
613
44896
62508
12153
64496
17694
27690
33807
15501
85524
42889
41110
57484
31619
2081
16930
54097
46497
74810
89295
25804
48448
85636
21406
58149
697
81255
30609
14943
1599
5446
50266
44141
75055
86986
82677
86423
81557
58753
37727
51195
18314
93727
59135
93010
66106
45075
33568
17423
31181
14328
7625
35137
54852
40458
38066
77798
37354
62689
72370
92421
47070
78802
10482
91544
24973
64700
23974
34393
20568
21725
18707
89969
29305
44752
34726
52004
38552
56714
2991
25308
27192
27171
80086
52896
70877
73225
43035
87046
17411
68511
12048
42792
60643
94151
60117
67761
8673
92624
4828
44275
2017
74219
71943
83368
20155
79302
77027
74037
12929
28702
20883
35552
93505
420
73746
89639
78697
88449
85942
9314
44338
38409
2878
10708
70941
87904
47607
90231
44003
35172
36119
83718
85353
24366
54678
16947
52352
35406
93590
10954
88898
10254
53311
92886
28496
34213
60765
49198
86680
84595
1607
35466
31099
62146
63016
69135
55265
63741
56459
65054
54059
44781
80007
88313
9188
8575
213
73139
43724
4806
91272
44679
19034
8931
41032
83047
33027
88592
26543
57021
39229
27404
38369
61281
35766
56860
2766
63194
25577
44837
64326
74248
51653
92803
4344
65413
1121
57915
71320
57828
82543
34533
55192
81492
82126
24641
18482
49087
31914
54137
49800
25332
87044
61127
2417
20080
61167
7597
60272
87456
23960
68603
90715
50104
24041
37076
42970
83137
24983
52649
5354
53930
71438
1052
55481
24118
21899
37773
32928
68601
63863
33550
23797
12476
68786
44299
78098
93405
57707
84600
90267
63799
37837
78906
39935
4662
21416
93198
48022
31665
90878
74580
37808
18657
28645
46236
67550
54710
66342
3384
56919
42877
80455
12733
85865
90578
69700
17299
23714
50364
70892
87723
86725
50992
19207
6164
32646
51469
24146
1412
92423
75848
11459
87314
50382
1828
62928
42778
27264
65262
10097
81882
81595
71234
47776
32524
70771
53503
72359
84182
81187
79976
57112
52106
35312
34476
58625
48553
61636
29014
90705
38244
42541
34000
90790
15872
511
80905
18453
69002
83748
80598
77697
7930
39471
21560
19466
35674
45657
38401
38491
60909
63561
79950
60969
69571
82523
3932
72239
66057
17932
74586
59813
54918
56460
11015
91553
55698
35120
3262
85694
86145
61095
13784
49243
18682
42056
1130
12521
63825
63059
18306
87809
81148
79809
42365
50763
21975
39150
446
72912
42207
50483
52245
27140
32350
68508
43396
77764
65518
92668
9538
26612
35602
3315
29326
90142
67878
5434
813
1453
21148
73175
39480
9063
16865
49759
8828
9755
24864
17489
72521
8162
45217
14636
19116
21290
90171
55566
16274
21557
90029
1449
86937
65393
83084
46762
56652
24941
72411
92472
92242
79296
39174
52419
25397
88865
46084
999
9251
18541
55214
2269
72337
58415
990
16556
38679
28565
30554
82280
21580
79335
15777
91056
74891
93834
49785
68535
58957
65894
28295
70999
8338
44721
69431
39185
57023
10278
73301
13772
48718
77235
72442
93312
2613
44332
80658
36679
88187
42458
3637
54620
69549
61084
27676
41328
41060
1620
15280
89286
45226
89388
35744
69626
82025
48546
44804
57767
41521
34773
31372
14731
31329
9491
92342
7404
16685
1764
5622
30864
35608
47131
49379
26245
21738
28597
87632
23355
47370
49614
56857
7136
73302
32114
4499
25479
7546
28073
65984
8572
38630
30706
36536
39151
65082
13761
366
16424
52512
77475
38582
22492
61045
11678
78287
53923
32454
5135
77244
16438
14430
46735
47792
15199
85369
12321
59749
9168
74102
81170
27988
69376
68041
85682
85796
18806
81939
59600
46323
3948
29571
69940
75057
59967
9889
15516
3303
21966
75744
88997
55073
29725
93674
92999
18866
81965
75157
79182
57988
26137
32846
20905
29918
6791
81824
8060
73081
27129
2663
58822
54560
26384
43629
77132
49717
30380
26156
27016
5325
60382
84002
81504
36853
71539
10365
84325
90585
70364
42582
64699
70506
16967
60317
5467
91046
12278
74378
17985
144
45847
51721
61696
50859
5612
18282
3592
70363
88600
2325
27860
21055
74172
19672
45222
20448
50244
16732
23285
15717
30850
15527
92677
86702
35054
59296
50434
82982
90331
66768
26062
86928
39794
77114
4823
70142
89729
5856
34097
32209
83959
77414
46525
36060
90219
14135
4382
35518
75614
80472
66813
4419
14382
8223
45069
9979
17474
22132
88286
64648
34908
13009
43856
390
42519
76538
81658
79739
93673
67510
1204
34963
62204
23278
82095
49161
53214
47177
21153
53947
22475
82209
11718
19129
31037
58244
60908
29005
918
32307
73483
73019
60648
46280
29115
33723
21913
19641
15219
62084
30602
12817
1441
76179
41436
22606
50653
86648
56115
27945
27520
47679
23568
7654
72728
43258
42225
63499
86761
24340
80719
79356
38081
32653
67515
89010
48550
11549
29661
27515
50373
18711
70651
29770
6005
43156
61387
82381
18941
69663
50293
34986
82648
14212
45432
40370
81576
78982
40472
26294
52373
61895
14240
6881
60663
61110
57517
42279
70824
39830
68775
46494
82892
49095
64480
53074
18451
6251
1788
38554
46680
30688
87657
83533
26043
22223
88448
48499
44899
6173
53064
8428
1748
55535
50174
65077
67831
69070
50419
71762
59690
23041
50107
80140
66213
74283
5970
39448
23602
23469
51684
25195
55669
28347
42917
85120
91802
88130
29764
35930
57004
13967
27591
76409
90721
44791
50973
36222
91169
9384
5595
16073
14075
21585
37036
52549
16885
42489
14299
29728
93321
8445
75831
39869
17814
62910
66275
71577
43992
54669
64048
79154
13554
50897
79584
78113
40461
26876
42960
59476
53729
1639
20095
49852
46177
79510
77334
34245
47524
76057
25605
40705
11460
55687
51624
30220
82719
18456
2914
62499
52212
61209
73151
80470
37761
86637
12571
28742
41305
52285
29468
65286
29393
61550
80926
77480
31379
93235
60735
12592
86453
20244
69582
44032
4230
34660
31148
81505
47393
37423
35317
58546
51827
48213
58573
72318
5006
66601
75497
18337
62854
17611
47861
50592
13074
38699
55892
15763
4612
5068
37025
71697
11847
42128
41120
59616
71440
90373
58551
9995
42526
33566
25535
54773
34313
20225
26864
4113
10863
5592
10320
65218
28582
2833
7503
68841
89924
29507
75533
90572
42485
7104
22928
28626
37574
41626
36230
75157
74579
48475
45596
78528
72733
49259
63005
20806
50399
67696
81474
68416
53090
88102
62618
83351
62542
79305
88621
26734
69853
3825
29909
35806
81335
8816
26258
33928
61190
45643
60565
57381
35286
56298
86704
1056
56166
13628
18324
40136
4506
75741
48399
89257
50139
17135
5894
65188
8243
7155
4595
57504
11015
31715
59313
54518
79502
48098
7193
8296
75844
78440
81251
27274
21139
50150
68518
61575
29837
93057
50921
74744
87825
7257
56565
25284
85380
76702
3455
46145
79338
84489
29991
27951
33022
42913
22391
4373
36007
71550
37585
78730
49343
40802
24390
21022
50663
58019
77044
55852
90250
18148
70974
53198
69993
84111
23526
89879
34106
17893
91828
60581
33758
92594
67835
71151
90490
42521
70997
81807
7506
23987
64272
52638
47027
28562
55504
65262
10275
72923
19531
52645
85594
38754
11477
42185
19600
46868
17182
71390
23607
27965
14982
37579
49954
51742
52468
22690
55271
28470
50670
12969
27693
50328
1640
66103
38827
10246
76755
71687
41944
52191
15330
46272
13000
49279
48937
59669
5443
7021
14371
83949
5051
92109
27118
61127
56806
35658
78805
732
59196
14659
40958
32480
16974
25676
19749
86
65457
41436
44962
68077
42501
93199
50411
4169
87054
15837
69958
63020
30683
37602
52991
17548
74626
67318
18553
92555
25961
68624
14627
7102
45287
61282
49161
27003
11741
61177
32869
35815
51802
42673
62001
36897
75232
16770
73307
15392
55378
53708
72069
55041
61555
42504
61510
28477
18170
43747
58438
13386
68590
680
66898
71989
34408
27679
57688
570
70923
84514
22154
49778
27270
82722
66445
50887
83332
89922
76773
14709
26854
36244
7868
56980
1686
21471
5182
1485
74366
91618
52792
83629
49141
13096
24261
43969
66870
53290
4285
7819
71670
85583
5784
56421
83930
16270
22348
11514
29164
53366
44351
5274
30464
72246
54517
65566
26701
63943
13592
18293
28918
84812
1626
48021
50199
72624
93169
8014
8133
8674
31934
61752
61571
56363
91309
2942
8645
37091
3744
42598
35037
26406
29274
16070
80933
42282
5875
66116
35653
62652
79427
76035
89610
8248
37845
68482
85788
90455
76601
38892
26715
39348
32594
19408
65037
35269
55650
80952
57283
72817
28411
77888
54936
39923
32749
37428
64219
58407
71742
18722
54430
72377
90441
68163
68360
65182
64282
69683
55432
59467
39219
732
29370
56214
90813
52976
13282
79397
19470
24909
4006
33459
30115
82771
60524
72026
42474
78687
55312
76174
16402
26257
56115
54979
64567
35314
18400
49440
64826
31015
65924
40848
11985
84428
8464
68855
54495
27861
27793
65398
19395
5261
74845
21606
22503
87702
82155
24205
62662
74729
87292
46620
91575
10379
13211
66254
22681
54061
35183
27844
86443
86212
50393
81731
3031
15858
90673
10255
42432
82604
9182
73777
6054
26029
65152
71167
34356
42291
49314
40286
73332
27575
45401
41820
37013
90901
6392
75063
42122
70232
53933
61599
82807
87410
60275
65418
16011
89170
20225
21590
65941
32833
51879
68805
32755
65813
33394
48821
56620
84488
56940
13328
18217
38316
26650
31884
73461
39284
73575
52839
92287
39127
24695
2028
53845
44897
69818
9413
20174
29642
5355
32616
26792
11430
80502
63746
74661
21301
70642
46793
29821
90187
32638
334
28185
49147
42661
5725
92758
92040
76161
46939
70787
83174
73074
38275
8753
4196
17836
8106
16935
46431
26671
85895
3555
34414
47619
2943
7385
42717
76859
4126
10853
38686
51001
91786
37751
60923
70046
73095
29560
79555
34975
34802
89700
34800
64931
50091
13564
12985
24320
82747
72552
21416
73639
45512
73909
495
34543
25879
25522
25591
81784
81828
5606
51201
85375
62978
65688
40711
21423
21141
11535
27910
15528
82241
21611
53971
52972
16887
20968
26029
68723
74641
44150
92986
77981
35559
718
18025
1170
54520
87005
46437
74523
12502
82743
26012
28851
63398
36560
52409
43764
46876
36371
3128
58385
63396
255
46023
79380
24571
42535
92403
13739
58208
23973
60388
91573
50676
79779
11832
50407
22296
12238
81786
2313
5035
5456
762
43104
46763
61970
89663
71102
67948
13892
60473
18023
56743
63610
38204
82177
28068
68511
14160
26486
46852
75752
62016
83226
66333
40386
22276
68965
60469
31529
73175
92218
47443
81014
69178
89397
30659
63059
14808
53839
46986
4919
29812
34156
8664
23993
56371
43872
50894
24566
41270
4647
75499
39620
53237
30408
39032
42661
69613
65667
10281
89161
63377
29318
75967
53351
42298
59719
428
42695
48716
72249
2978
71058
52890
68709
56859
47575
59924
11124
68200
3147
31011
9198
57492
47596
18087
24685
10858
57722
13387
13608
7263
85427
35562
14861
66695
71365
15230
67145
26012
60129
72530
48674
28145
54455
56984
90137
63307
2161
40587
54921
63042
72855
49713
53844
59746
13429
17259
26191
83547
36483
86884
40630
15667
41850
36426
67097
24964
71511
60032
45167
23899
56822
16369
24934
82897
54385
16950
59347
26507
41291
84995
70476
89897
86080
79174
49588
84523
87379
13650
13084
9213
53095
81639
83478
68716
15955
33738
38859
24785
88537
19256
3096
74594
8282
40682
83621
68510
51524
26095
38848
33215
42841
65561
80772
20924
29760
60822
69648
2910
9274
67773
76983
79651
38834
40902
63805
43577
76266
43112
7691
73447
67543
62711
38015
47798
80992
2472
38964
69165
43472
67796
6102
87319
89454
10090
84909
66278
16485
80297
2277
66894
22349
61642
26732
76313
461
74506
34866
6595
43754
23686
75961
53992
46981
8393
62133
52098
14365
25818
3561
88560
28690
66274
57820
79945
2462
58421
24045
14690
48441
25603
46180
18540
59249
23771
37794
6664
3318
13858
42454
45391
74496
4222
11853
58282
44880
74009
42687
30992
8133
10843
7064
62916
45741
81586
16635
8174
89335
80435
78274
43435
1419
48915
44234
22131
76505
89620
80982
8603
6555
7009
15185
68735
30040
91001
1035
78184
54858
52808
82539
38811
5771
57593
19243
6875
45404
86727
77238
88380
39363
6526
424
2820
46775
34448
80578
51138
2730
29580
79415
35188
63395
73557
69560
86485
70182
50260
3768
85828
58469
37957
7174
30365
69860
27652
5572
51423
66945
72655
32392
47873
49183
91181
75614
1506
7698
78088
41297
49088
7496
29954
36737
38426
8170
5300
8170
45183
92557
46684
75730
57754
55820
87194
59039
15711
60932
62756
23110
80053
60695
67580
7775
59153
65094
5115
41734
43208
21098
13239
51685
33473
39958
53273
2201
56666
43580
29164
71034
11359
62977
82845
81633
79209
22775
24109
57211
78616
53246
73400
37225
73793
7467
1707
90096
35187
33141
19542
26490
83666
52725
72660
30775
81780
57641
37394
7393
29517
63261
70845
52737
70462
80808
78916
13311
14135
22026
22685
51083
73326
26087
78662
79945
90066
30059
73799
76790
70431
43456
90606
5746
85608
74862
82305
40276
48721
27333
69113
72546
32000
43622
49550
24039
49925
89844
2878
73054
36515
75373
51616
52803
3329
75506
10018
3894
51195
36956
29899
71994
66208
42858
67162
85871
86859
46968
77302
28481
15881
71693
28410
77409
70281
7901
21195
84645
32717
10497
55288
18413
81308
89537
74522
76244
59270
25813
57699
3900
18416
28147
88867
87797
16254
77784
63149
87335
54219
34614
77001
58445
92002
27734
34951
38578
82628
81696
1349
72834
55649
50605
60760
16712
75395
42669
75082
25617
83537
54369
25943
66653
10913
64735
13637
13014
69760
60038
47559
61623
62657
31437
44861
3146
38454
80180
40962
58678
54767
41334
28192
7243
77398
65130
10512
61211
30979
39781
8428
48481
34621
62829
32670
5752
25898
82504
16641
41663
81739
39663
82784
28454
14848
65298
55896
28657
81215
50970
25336
29390
19542
83995
11090
27073
64592
77940
22646
14584
80530
42285
75412
41163
10839
32747
26437
7421
18780
85738
81566
31673
35456
87032
43943
75163
44134
68550
19471
60101
79769
75341
32082
77398
17363
57711
16021
70395
60235
19433
42689
84975
62061
60589
42396
53765
87816
74896
11074
33158
15361
65961
62095
51741
20628
62829
80351
2791
56277
11688
85801
40573
32412
85985
12556
3304
54956
11991
23993
89805
78447
76987
48144
79118
82073
9969
69686
46754
78789
23983
17438
52818
89421
5178
90687
77181
21218
39153
53664
74144
53976
62919
56765
68216
61500
14057
5714
13003
50061
47505
87503
24764
30138
60222
8804
12366
12505
78621
22525
78201
75798
72478
83398
24720
9389
13684
74465
80665
57468
78217
29290
25323
20209
25249
32450
40329
86318
33130
82829
40606
31019
24667
72353
55455
17570
62247
81494
42003
30023
21946
11361
81649
90349
61198
55060
2948
50394
39094
79497
69200
10461
67944
55908
50906
35328
50394
37348
30740
23052
87992
74652
49761
91009
14664
14572
61625
12084
19906
79387
41335
89207
42483
90807
42879
65156
67126
60272
53917
32212
45078
66679
32012
7044
31932
22439
59179
13858
58600
64748
25190
64206
48230
34847
12405
40912
80176
91525
6411
82148
81411
72918
62611
11111
32104
11252
82852
53929
43976
12718
16935
2062
38779
11240
74756
9481
1623
16316
56712
16193
51669
67575
63960
81775
70777
28907
89446
33305
41339
91235
23015
71371
32789
56789
4316
22388
71981
87417
81228
84254
77561
66452
28516
32315
16722
28324
30933
28750
90053
27512
45094
20280
69835
8841
33167
43309
69861
6314
48553
14758
81101
59625
73958
9760
23245
32853
37062
73391
85298
23419
8444
17765
59452
74330
41147
5846
90733
58769
10379
26116
27731
40997
51671
45791
72756
55262
86380
16009
91405
78560
68230
40283
44091
25828
41019
14425
15919
62463
5828
49469
40188
42857
58771
41146
35142
57677
80042
41881
45798
72152
73737
82521
49837
29534
62507
17168
503
11181
64269
64947
86086
8898
88826
18142
11016
13662
87401
54644
64838
59012
2468
76381
42533
17026
208
71740
28587
87369
34082
88138
22827
81828
21907
67523
59223
4946
14378
6626
26388
38202
69149
67569
60740
9176
42726
9658
71771
13784
13189
22424
7983
81799
37618
34733
80867
3649
42026
73698
64510
56548
5338
23266
73262
20865
82468
83915
31684
73174
33320
64158
82615
40502
27567
38004
42586
78702
13044
52661
88998
60719
56866
89339
2181
2339
40286
27464
36261
75579
57085
77974
25940
6469
63433
63953
86830
50018
14022
89587
85753
53703
33450
80560
701
77543
42328
19064
71549
81380
66334
71921
49212
76032
51314
33165
20301
61458
9507
75128
85855
29325
59560
89923
90049
62611
55886
26323
79251
15547
58805
1150
9617
4829
27493
21789
7133
62131
1571
31043
69456
2385
61909
3946
69594
18917
45212
20223
86683
35067
65171
12308
7329
88630
17136
54165
3449
66245
68279
880
57322
6453
81886
11805
78369
88021
65949
61540
18658
82147
62480
78964
29048
20958
13769
53750
8146
80879
49069
69357
35627
68765
55346
2557
81091
58513
2936
65153
6703
90298
30075
36040
58061
34141
73473
54047
52581
31692
18785
86752
7526
71581
11770
37364
76281
4869
83918
19215
41334
52010
10636
32192
68360
19763
28240
14610
4818
53764
37839
21405
46711
8702
68496
22111
41658
46286
83266
45184
54033
80839
68978
67606
58704
88807
56882
84487
88247
61679
5432
84983
80661
49384
25833
54409
34510
12568
28707
75990
65188
67956
65352
64963
36647
89547
9870
8682
66264
20043
34836
55380
1472
39239
71032
54106
44021
61393
29029
63027
22133
40782
68523
52288
74174
17870
19733
52605
77987
59334
34990
51141
62839
6077
37831
61706
51249
256
13239
30910
33891
85133
18120
1781
43383
56612
11430
35017
24947
13715
43418
30449
39480
44640
32727
22946
45551
29249
14806
71058
20897
48675
13719
67887
65634
32615
82979
18221
3081
11816
61740
85685
9555
32260
79738
20241
52513
57664
32883
72633
8631
82228
41094
2869
35379
57181
19006
55346
16756
24563
82502
91536
12605
69875
42710
64565
49337
42083
78493
69489
46660
17429
1401
81944
55892
50390
42095
37811
89155
76901
69569
24177
82010
52963
85612
5272
20411
26938
46205
42732
47155
15979
80481
20588
85834
34522
15421
30470
14453
27911
41716
9045
25590
57288
42721
39917
54783
22372
30016
8500
87193
30063
32458
10090
7339
1515
76148
85467
12420
78291
12010
3566
60986
87944
41214
14132
70717
89851
38540
51454
4684
19830
73715
72138
73683
13107
21641
51994
27326
16811
87652
81249
33782
33984
6258
68660
60254
47483
88604
12028
21762
2326
42601
14061
69595
88990
24455
30209
15402
5404
68187
28345
37768
44721
34634
75475
56334
64834
7412
79895
17747
75044
60738
25953
8015
11795
22557
40990
1379
47757
4076
48518
34936
34180
76425
38571
12736
48829
4007
21845
37276
29876
44462
83738
10375
12289
50912
76395
42268
33466
77863
51614
78177
38112
10395
47941
61176
59011
29948
77959
86727
71787
78639
43029
57226
44187
28169
43955
31932
66832
17594
23144
39168
9902
35956
84454
9067
58471
50428
38041
39857
78526
60504
64632
40236
3041
39432
12896
39932
74411
43863
5059
67820
81713
59301
2818
17678
73164
36407
23678
3843
36479
25621
12475
86634
19383
75129
7779
5859
34991
11783
54343
61504
76097
56816
49079
51996
51486
64335
21871
18416
51784
7040
3923
83568
51309
72921
42108
5846
45846
18000
86431
7650
34418
82667
43715
42422
54893
71465
39531
35008
71759
49462
8463
27198
87313
13853
21874
90482
53890
72893
84861
5528
34719
85393
61929
30053
42595
1048
11201
77111
38334
16928
74661
68815
61979
55384
76052
81551
43322
65285
23798
79196
48035
15821
30799
7455
49912
42987
3998
65816
22279
86981
10511
20271
7512
50283
30351
18217
36113
43267
61802
20500
24152
70035
8434
71976
66389
69565
19354
44681
30165
21563
9298
20152
44431
25825
53724
79446
89221
40962
79131
53092
72231
39347
28364
46026
60157
15182
64059
55272
83178
41285
44132
34434
45836
75478
72599
57883
55752
27129
85546
71778
23516
63568
61251
83917
19157
90583
29023
49304
26642
52875
65570
87841
64414
86117
26308
13053
84488
82521
41906
72452
28029
62607
4399
50085
3351
57257
46065
49558
13956
57829
88081
3475
64795
43216
84403
66366
8784
12678
36194
63896
52542
23606
13675
41763
40513
3352
21361
28635
42701
21093
15682
81074
87387
68085
22995
3520
29879
75552
71218
56284
75775
48234
60288
33739
89551
23543
45696
31759
7262
73617
72572
40587
19608
83809
21393
48714
34206
59554
50639
18969
76866
49177
33090
21611
82901
84364
57452
36120
18646
37401
2462
23338
48357
54262
37811
79068
58427
16433
44369
22424
51311
79902
56667
60965
12817
72044
34624
14938
88367
34002
63128
34187
30946
11210
57196
35942
85366
15145
3047
15409
59988
28108
47189
69874
74948
71648
69136
27323
55216
14841
32163
36697
8163
20994
55919
78202
90757
47321
49671
85472
54086
76585
88512
61188
64997
20462
91141
27706
74186
61762
47820
59774
42227
32679
40352
66634
51928
51970
25444
32868
15331
64139
16743
32491
56347
17698
59991
70045
76010
56183
52168
66434
42733
63013
56306
72441
57679
82768
41999
52597
34870
44522
47266
42068
79295
38482
85499
23316
12205
41996
90347
75490
54080
8902
35028
49021
54178
42005
49235
68003
81205
3044
82190
58234
90077
61407
51033
88670
66410
78218
47363
39903
49157
14695
90019
33543
51092
66908
82604
31686
2714
24482
54083
30178
43458
57052
47759
60918
51190
20642
64640
68127
60219
66476
29720
10335
55093
90974
51649
10702
72329
73556
10788
3894
83502
83962
58194
84714
67417
6399
6337
26307
18038
42052
10241
90608
29627
12977
19022
35384
26248
17762
84097
21318
9950
20361
7683
62313
55153
24507
31794
934
34074
40544
44001
71960
73121
49301
41987
658
90507
5575
15885
12267
78873
58611
77219
16231
89443
32014
25033
90714
84115
38524
44898
90060
6603
50291
83264
90584
78477
45127
11389
24193
90010
20227
78189
87623
14725
29010
52575
47970
9284
13753
27009
80035
42033
55071
64885
27396
69903
64077
25955
82013
383
88058
7264
10948
66032
17338
28783
57669
15988
34639
83629
7261
32143
37117
1803
74089
4574
81248
60264
9440
89443
44261
71329
46165
6732
69649
12348
59434
81856
37468
11883
17871
57352
88151
42133
36099
83268
79886
53126
42390
14743
33730
59651
58556
24669
42094
89320
74521
44153
21173
3415
16078
8339
13278
30967
90407
2926
84480
36899
33087
21753
44177
88436
52910
29671
83252
35686
88189
86093
13180
53593
60209
32396
85548
83213
49426
91028
15702
34655
29487
27687
50802
84667
41120
2996
36747
84273
2780
80112
16281
65813
7468
33088
59988
25467
65076
86338
69073
61717
52646
53943
19132
33116
78029
31321
85842
69594
14284
18189
16693
22358
10883
18155
71543
5502
78619
35506
44258
69169
26420
25598
75732
33364
65880
33695
81071
44878
6623
50146
41289
66659
1329
74123
50598
14523
20762
3288
3679
87916
15526
19452
89972
66230
50082
520
4862
12414
10275
4164
69027
78536
25759
52484
48616
72965
11013
56990
66024
65315
3210
54538
49709
44135
33362
41602
40181
56421
25308
72156
82896
18840
11292
42472
52823
22339
19255
2090
8530
79859
63580
53265
35107
59611
35737
7562
28513
82934
46120
53369
9918
18004
2801
46097
37888
61600
72287
65849
63850
34724
62772
80993
61685
63715
15601
9574
20401
14229
32457
70834
39261
67584
59129
53244
7320
24354
13390
18373
44081
28251
37068
78960
73427
69427
43905
63232
37081
52177
29098
51057
18093
248
78920
54224
45943
61627
25226
12854
76095
52661
90078
82698
83672
12473
14831
74976
7739
57110
10707
39780
84788
47204
9895
4635
51163
24528
46980
26462
88981
12356
51719
34099
65105
30306
7098
13701
27846
17443
59146
48100
89466
76693
23885
1752
61053
31822
17457
15251
72353
35671
45643
83516
89611
82439
33186
17268
80259
68642
44772
12558
19027
2873
58444
24980
5760
5664
78477
4173
80774
40072
25614
44850
60481
57342
76755
31261
72553
11373
15029
89763
50255
40439
43706
31181
52772
9498
82596
68770
36100
18359
71396
51833
17197
52046
79499
44792
79075
73945
74053
3830
34141
40422
47434
5777
58018
30626
50826
20230
24897
47595
61292
75069
57540
9548
86028
12908
13253
90535
67719
32183
74044
31577
21364
79638
17762
18010
83160
48009
5520
60427
666
38823
85160
44332
8569
58240
70136
15898
8219
86045
17285
19799
49341
31562
86040
43387
25297
66669
3311
54302
81304
49891
47050
13410
40244
24837
55899
78712
66217
53540
35692
19049
44528
24679
67901
50699
1448
41554
73343
75851
56247
8431
32682
88897
54154
12859
66080
23051
29813
57070
39027
78362
31586
86660
69182
35078
29508
10205
76737
45879
64688
14650
36610
5951
87339
50192
41201
3219
90155
60790
4963
46570
85917
5562
29677
1576
67592
46533
62022
73903
48385
84892
45717
728
35026
36362
30920
5775
43641
80643
88883
65568
52289
66302
35362
75010
18880
8992
72986
75750
18950
4966
53311
39548
45493
53655
61183
15676
59418
53917
80088
21140
12863
87797
16695
18867
87412
3582
75375
86045
37057
11813
62037
4541
32305
10647
79882
53154
73330
29133
22040
43479
42796
59721
85338
10082
78375
84724
88417
7943
11941
66896
38546
37533
7533
25972
20895
45973
14035
52707
45915
47233
86910
6181
24806
60900
21844
31355
76915
18739
67389
72154
37928
4995
10305
56859
14814
38089
74292
9821
41310
63563
65165
55884
56300
78986
84182
34130
86036
69752
78932
47
5941
86448
75979
63664
59483
676
50942
37675
5247
62594
31633
11077
56724
6824
10939
85022
41078
55638
84522
54654
61397
43228
53941
55102
39059
44564
73826
73029
85295
14777
46763
71057
42298
46665
30180
72308
18997
49933
36642
29944
50883
75421
13462
34173
3845
12031
52708
36333
51042
89175
36695
77462
46862
51280
4531
25201
69687
69602
762
15425
574
12780
49435
8468
65723
20408
18485
30494
44793
51327
45237
54194
36235
12441
57640
52561
77811
71332
53776
13119
67278
53544
51989
64482
27232
39796
1272
33381
39788
59021
8128
55472
77087
55193
29633
84720
82229
58766
69066
74498
41587
71736
4779
25708
19371
59664
16000
23330
47355
2789
31821
41326
69791
75314
67258
80654
64454
43414
89803
8452
8618
81658
73662
14404
40665
26083
22137
16353
35508
33552
5540
10819
62632
64704
37303
6756
62769
55161
71257
35334
63836
58801
76765
29742
79503
3679
59266
89479
27528
5236
48814
61386
79040
42357
36615
84865
37396
4417
35334
12637
84383
37321
62342
5968
79999
62519
19854
69018
87494
31567
19974
37497
41620
21377
24372
31216
52772
7085
64071
44937
4193
79142
3573
19129
22344
57658
24939
13411
61289
24366
46837
33044
38384
70366
34327
74978
24045
48449
43107
7945
85019
82774
42245
31148
49436
25172
54520
28579
39792
32712
72554
3636
75827
68906
25190
10073
13465
35013
19766
1394
65689
82792
74266
14360
25517
36004
87029
35809
66269
35677
11403
89114
78772
8545
13938
42312
13443
28334
987
31811
45825
66414
88984
28037
21748
79712
2579
34767
58296
37439
18224
12629
1760
88509
13648
63453
13330
44159
67980
89846
67397
52939
30170
6342
70795
52216
38031
24229
83148
62136
35785
76459
3557
7039
76360
67174
74760
30994
80608
13214
37896
87151
26149
19611
28625
54580
25788
64088
50886
77380
40082
67336
53080
50180
69892
72445
64352
24144
46893
6397
67018
23403
88312
51921
15936
19511
4693
10553
14047
76965
68979
8060
64584
20505
74746
26871
79773
78518
48906
15864
30397
64911
69912
85492
15539
73624
36668
70851
42269
50756
83861
46606
40608
52504
3394
88727
86997
22944
83377
14097
34170
32327
36174
48169
83390
66484
28242
36746
42151
13477
63933
46095
84704
4935
11715
78372
30951
68621
44631
28699
86351
29981
11934
41641
41548
26164
56931
58122
17342
24155
58972
17551
30731
75750
62773
25064
47849
52215
88704
42210
70914
11313
27146
52933
31066
71400
24218
45199
18717
48766
85800
72685
67004
39495
59084
9451
8661
36348
68168
19251
74665
33788
49992
63314
70493
66441
45806
61176
38757
14234
30142
41907
29509
82990
3773
44317
78666
58514
589
42989
82764
46252
5604
31654
85308
50728
67955
52701
21070
61025
7205
41815
4489
56207
55991
47603
17691
5503
15195
61798
44232
58668
88860
610
20515
9506
82977
49368
36037
8704
30020
10833
81345
77017
70463
46436
12831
1031
78907
22499
58228
87701
47342
10057
32322
6064
5063
72893
38812
69349
16080
48133
78742
43412
50784
72955
15332
21587
3211
32429
42349
7571
71703
31646
79384
13975
46444
68506
24915
29829
88233
84787
82298
28291
27134
3809
89955
26540
69470
73554
25847
52576
22818
66467
69372
16015
24475
990
60333
51732
68902
80767
48363
73958
16382
5620
14672
49916
26080
17769
88549
73166
44503
79208
63292
54083
60730
32776
87019
57194
81271
20336
62202
85818
18357
45947
42046
52282
69150
81065
5931
89614
59767
66094
43447
25745
29862
60923
42608
65934
63695
13653
82525
72269
75547
24787
71159
2698
85333
60381
68506
77779
35458
30088
36298
74580
9357
