6300
3000
3200
3400
3200
3500
2900
2800
2900
3000
3400
3000
3000
3200
3200
2900
3000
2700
2800
3000
2900
3300
3200
2700
14000
3600
29100
2500
2200
2400
2200
2900
3000
2700
2700
2700
2800
2300
2600
15300
18500
1900
2200
2100
2100
2300
2000
2300
2400
1900
1800
1900
2100
2100
1700
2000
1900
2400
2100
1900
1700
2100
2200
6000
2000
1900
1800
1900
1700
1600
2000
2300
1900
1700
1800
1800
1900
2700
2100
2500
2000
2000
1900
3000
2100
2200
2200
2200
2100
1700
1900
2300
2000
1900
1800
1800
1900
2300
1900
1900
1900
1800
2400
2100
2200
2600
2200
2000
2200
2200
2400
2600
2000
2500
2600
2100
2200
2300
2400
2500
2500
2200
2300
2500
2400
2100
2200
2300
2100
3300
1800
1700
2200
2200
2300
2300
2300
2300
2500
2700
2800
2900
2100
2400
2600
2200
2500
2200
1900
2000
1900
1900
1700
1900
2300
2100
2000
18700
2000
2400
1900
2000
1800
1800
1900
2400
2600
2000
2400
2000
2000
2500
1900
1800
2600
5700
2200
1900
2500
2100
2000
2200
1900
1900
1800
2100
1800
2000
2000
1700
1800
1700
1700
1600
1700
1600
1700
1700
1900
1800
1700
1700
2200
1900
1800
1800
1700
2000
1800
1600
1800
1900
1900
2100
1900
1400
1700
1600
1700
2000
1600
1800
1500
2000
1700
1900
1700
1700
1600
2600
1600
1600
1800
2100
2000
1900
1700
1500
1500
1600
1600
1700
1700
1600
1500
2000
1600
2500
1700
2600
1600
1800
1700
1700
1500
1700
1600
1800
1600
2000
1700
1600
1900
1500
2100
1800
2100
2200
1800
1700
1800
1600
1700
1900
1600
1800
2000
1800
1600
1800
1600
1900
1700
1600
1900
1800
1600
2000
1600
1500
2300
2100
1600
1700
1700
2100
1800
1600
2000
1800
1900
1800
1600
1800
2000
1900
2100
1600
2000
2100
1600
2300
1600
1800
2200
1600
1600
2100
1600
1700
1700
1600
2000
1800
1500
1700
1600
1500
1700
1600
1500
1600
1500
1900
2000
1600
1700
1600
1600
1600
1600
1500
1500
1700
1500
1600
1600
1900
2100
2000
2300
1800
1800
1900
2100
2300
2000
1800
1900
1700
2700
1800
1900
1700
1600
1800
2100
2000
1900
2000
1900
1800
2200
1700
1800
1500
2100
1600
2100
1800
2000
2100
2200
1800
2000
1800
2100
2300
2300
1800
2200
1700
1900
1700
2300
2300
1900
1900
1700
1800
1700
2200
2000
1800
1800
1700
1700
1600
1800
1700
1600
1700
2400
2200
1600
1700
2200
1600
1900
1500
1800
2600
1700
1800
1600
2400
1600
1600
1500
2000
1700
2200
1800
2100
1600
1900
1600
1900
1700
1900
2000
1900
1600
1800
2000
2000
1500
1900
1600
1700
1900
1600
1800
1500
1800
1700
1600
2300
2000
1900
1500
1800
1800
1900
1800
1800
1600
1500
1600
5100
1600
1800
1800
1600
1900
1700
1600
1600
1600
1500
1900
2400
1900
2000
1900
1700
1900
1800
2000
1900
1700
1900
2400
2200
2700
2100
1800
1700
1600
1700
1800
1700
2100
1900
2100
1700
2300
2000
1600
1800
1700
1800
1700
2200
1700
1600
1600
5300
1600
1600
1700
1900
1800
1800
1700
1700
2100
1600
1600
2000
2300
1900
1700
1800
1900
1800
1700
1900
1600
1900
1500
1900
1700
1600
2000
1900
2000
1900
1900
2000
1900
1600
1700
1600
2000
3400
1900
2300
1600
2000
1700
1700
1700
1700
1700
2300
2000
1700
1900
1800
1800
1700
1900
1600
1800
1600
1700
1700
2100
1600
1700
1500
1700
1700
1900
1400
1400
1500
1500
1800
1800
2000
1600
1400
1700
1700
1600
1700
1900
1600
1500
1900
1700
1800
1500
1900
1600
1800
1600
1500
1600
1500
1500
1800
2000
1600
2200
1600
1500
1600
1600
1600
1600
1700
1800
3100
1900
2600
1800
1500
1700
1900
2500
1500
1500
1500
1400
1700
1800
1700
1800
1700
1600
1400
1700
1500
1500
2100
2100
1700
1900
1500
2100
1600
1500
1500
7500
2000
2200
2100
1900
1600
1700
1900
1900
1600
1500
1600
1900
1600
1900
1500
1800
1500
1300
1900
1700
1600
1800
2300
1600
1600
1500
1500
1700
1600
1600
1500
1600
1700
1600
1700
1500
1500
1600
1500
1700
1500
1700
1500
1600
1900
1600
1600
1400
1500
1500
1500
1500
1500
1800
1600
1800
1400
1500
1500
1600
1400
1700
1400
1500
1900
1900
1500
1500
1500
1500
1600
2000
1500
1500
1900
1800
1500
1800
1800
2300
1400
1600
1400
1700
1600
1500
1500
1800
1700
1400
1400
1400
1600
1700
1700
1600
1600
1500
1500
1500
1900
1700
1500
1500
1700
1400
1500
1800
2500
1700
1300
1400
1700
1700
2300
1500
1600
1800
1800
1600
1600
2100
1700
1500
1500
1400
1500
1500
1400
1600
1500
1500
1700
2000
1500
1500
1700
1700
2200
1800
1500
1500
1800
1500
1500
1900
1600
1500
1900
1800
1500
1400
1800
1700
1700
1700
1600
1800
1800
1400
1600
2100
2000
1600
1500
2000
1500
1600
1700
1500
1400
2400
1600
1600
1700
2000
1900
1600
1700
1300
1600
1600
1500
1400
1700
1700
1800
1700
1400
2000
1500
1500
2100
1400
1800
1400
1400
1500
1400
2100
1500
1700
1400
1800
1400
1900
1800
1500
1500
1600
1500
1400
1400
2000
1700
1600
1400
1400
1300
1600
1500
1500
1500
1500
2200
1300
1600
1900
1500
1800
1400
1800
1500
1600
1600
1500
1500
1700
1600
1600
1500
1500
1500
1600
1700
1400
1800
1300
2100
1700
2300
1500
1500
1300
1800
2000
1700
1600
1800
1600
1600
1400
1500
1500
1400
2200
1500
1500
1500
1700
1800
1900
1400
1700
1600
1300
1500
1500
1400
1300
2400
1500
1500
1700
1700
1400
1600
1500
1500
1400
1400
2000
1800
1500
2000
1900
1700
1500
1900
1500
1500
1900
1500
1300
1900
1900
1600
1500
1400
1600
1600
1400
1600
1500
1700
1500
1500
1500
1400
1900
1300
6000
1700
1700
1500
1800
1500
1400
1400
1600
1300
1500
1600
1600
2300
1500
1600
1500
1300
1500
1700
1400
1500
