9334
3274
1995
3839
5149
4863
7241
2771
1945
3171
3540
8844
5813
5787
2900
6248
5933
5194
2146
5331
5743
4316
1106
3904
5265
5667
480
7068
4219
6250
8375
3709
3655
8915
7935
2056
8830
9352
7327
4501
3987
2380
9279
8341
2
8415
6126
5671
3428
5327
3974
386
8122
6806
8297
5547
6289
9068
7003
9622
8114
8050
5099
9876
7596
6383
5675
3260
2926
9303
5246
2974
7698
904
508
6746
5264
25
5247
6033
511
2445
2600
4516
8671
4706
2962
2942
3652
3224
573
7487
2326
7206
680
7406
2669
1886
2052
3659
1120
5119
3604
7224
7054
3080
1964
4011
3720
5792
3477
9434
2170
3008
2388
378
8246
5717
7055
6580
7952
3149
4235
9813
4815
7583
1809
8098
1136
2534
1525
4002
2277
9028
1370
3768
1444
3733
210
3240
5498
7493
3700
6453
4582
6236
8474
4969
8293
7565
4920
9418
5718
8076
3924
8462
1955
1570
5839
3506
6442
8007
3342
6027
7472
1681
3060
6026
4312
4005
9514
2546
6045
5623
7480
9655
5304
7501
4924
4202
4540
1405
6632
3916
7766
7984
8362
9493
9331
4793
8623
1443
3141
6988
962
1564
9552
9143
1380
8233
1100
3033
4478
4307
4032
6851
8488
116
4727
8680
7731
8764
5381
5446
2551
206
9036
9771
3134
7322
7009
7637
4270
6265
9177
3127
335
3340
938
3586
4875
4098
2998
976
4474
5881
1535
9660
6124
416
6748
8711
9460
5630
4397
9319
822
1691
2214
7385
5178
574
5997
8039
4096
263
1913
4062
2761
1183
7266
7961
2459
8312
7495
3882
5803
7379
5735
8963
4004
7534
6758
9658
7083
7518
9062
2651
8867
4312
8248
2929
2892
8847
8599
5610
318
114
4715
8427
716
5941
8139
4994
454
5400
3245
9182
1415
7093
8989
5736
8523
5842
1062
4666
4496
384
8641
3493
8788
5040
384
2589
8485
5943
2746
2911
3634
5485
6918
5994
6207
6702
2678
9547
2093
5134
5158
8012
3881
5195
7134
2930
7512
2434
637
3336
3903
1994
4295
650
8312
721
3951
5
5566
373
3060
770
7652
830
8527
9118
4433
1530
9323
351
7342
4102
1598
5193
3041
789
8731
2026
3034
144
7758
3096
3891
2790
8583
3924
7514
8652
4072
899
3122
9072
4520
7090
2066
7606
9298
743
3655
1206
7712
8573
7687
4003
1062
9454
3006
1076
6251
916
3272
2448
5034
4957
7807
354
8046
972
4703
2304
2283
3199
1899
3815
4411
3554
5001
4124
7444
1485
6375
6513
1588
7621
9072
4202
393
9530
5250
1243
9525
4957
8701
5304
546
5009
7538
6388
515
8831
291
5455
5696
115
7342
539
707
8613
2537
6274
240
5502
2806
3275
2481
4759
6235
5998
6381
7449
7063
1137
3909
5521
9470
8634
4573
3365
1687
3815
2366
2282
7075
3438
8028
8815
9230
2145
9175
4942
8966
5101
8184
30
5379
2352
3471
795
1926
3980
7317
2870
7626
5248
2566
9499
2722
1674
8793
1185
5713
271
3142
402
916
7080
874
4160
4517
5446
3729
6809
5732
6688
7454
2592
999
3252
1642
3320
9253
6800
1248
5851
6466
9212
8468
503
2197
2334
8183
4914
8048
920
7734
5033
4401
6842
1312
2632
2206
2120
5754
1399
1910
1393
3777
1964
7704
5987
7529
803
9247
7613
6568
9108
1288
1699
7427
673
943
8040
2655
9035
4787
6923
6278
1434
8737
2344
6717
5495
3703
6701
146
1931
8241
4129
6390
5268
9024
8618
6162
4110
2006
2528
3417
8563
8125
1354
8034
1856
9079
4444
3441
9084
3296
4170
5207
4480
2741
8917
1944
6126
86
8816
7599
8526
6257
2551
8262
2410
5052
695
5093
1735
6414
9077
6630
8662
4238
8694
8743
2444
4631
7856
2576
49
6044
4547
653
2304
500
4254
611
3709
1930
1233
6511
535
3507
8053
1270
7496
7203
8804
6353
5892
7708
4168
8568
4540
7282
7882
3558
4821
8449
661
3059
2089
1368
1649
1048
67
854
151
3671
5315
1892
6885
4383
2887
2097
2080
6487
2183
6146
3360
5597
7414
511
4380
3541
1353
7846
1749
7289
824
7879
6050
822
1256
3996
7964
7343
9157
1807
7676
1827
4984
8706
3286
9159
3985
2921
5435
3433
7729
4999
4867
4226
3192
5142
6445
5130
6991
7203
6474
3845
2888
7312
41
6158
493
3088
1672
7709
8083
2779
5192
4454
3805
4143
7514
4008
8035
4945
7243
5477
5320
2733
66
3080
1322
2680
7033
59
6338
3563
1858
6170
1235
8915
9055
9034
260
347
6194
7668
5368
5841
4439
7020
4777
3771
4852
6572
3512
2837
3284
2823
1320
3573
1599
6512
3408
4696
5666
6358
6526
453
1870
4457
4237
8202
6776
4639
2247
973
3216
5644
2197
1689
4007
3785
6542
4047
3492
6325
671
5292
2073
4954
4219
3462
2440
4124
4117
4282
7700
1964
3004
2827
4467
8413
2243
3099
5639
1648
830
4643
4348
3920
1033
7082
8722
1781
6997
6538
826
472
3360
2912
2751
5432
3223
856
1516
7217
8751
3911
4765
2472
1856
3169
6311
2012
4943
8578
6049
1535
6930
261
8509
6018
6021
4533
7052
4704
8173
1732
8150
7713
5558
7651
5530
399
760
4556
386
3298
159
2458
2767
4247
4362
5609
2348
9013
535
5301
2777
868
6566
8618
4559
7705
3197
5079
7699
3604
4488
6405
2536
5725
4007
1829
573
1736
8025
6107
4809
8824
3092
2603
4718
1223
7320
511
5593
7505
7862
7503
5700
2503
894
5170
1742
5229
894
1382
7937
3603
2768
5711
4161
8650
5117
4695
8653
472
3818
7749
8378
5380
4868
7470
5864
5005
578
4574
8866
4535
3358
3691
4278
7004
5348
8936
2346
6681
1553
1354
7610
6355
8256
5620
4312
863
8869
7255
6030
995
4517
6268
6630
5759
8702
7260
7039
1257
4814
5264
8472
6549
3568
8962
2371
2973
6936
8769
4816
2512
4158
9001
7083
3878
3162
2829
8057
6646
5374
389
8547
6302
5375
3458
7018
4618
4201
7146
1183
