3000
3600
3100
3500
2900
3000
3300
3000
3000
2700
2700
7300
2900
2700
2500
2700
2800
2700
3000
2700
2700
2500
2700
2300
2400
2800
2600
2700
2800
2500
2800
2500
2700
2500
2700
2700
2600
2600
2600
2400
2700
2600
2900
2500
2500
2700
2400
2400
2500
2600
2500
2500
2600
2600
12100
2800
2600
2700
3000
2400
2500
2400
2600
2400
2200
2500
2600
2500
2300
2200
2100
2200
2300
2200
2100
2500
2600
2700
2300
2600
2700
2500
2600
2500
2300
2400
2300
2500
2500
2700
2300
2400
2200
2300
2400
2800
2300
2400
2200
2400
