26500
25800
15100
20400
12700
13900
11900
14900
6800
14400
3800
7100
4000
9100
11000
18600
7000
7900
9800
12400
13600
8500
6700
4200
16700
9800
15900
5100
15200
15200
11400
7500
8500
10800
15600
15900
12900
7600
6500
7200
5200
4500
6000
10300
13500
11500
14700
8100
15700
6600
11600
4100
6800
14500
9200
6100
16600
15600
19900
7500
12400
14400
4200
13000
9400
18400
4900
15300
6800
18900
18600
12200
7400
19200
10800
18900
17100
8000
18300
12200
10000
8200
7700
10600
7500
15000
16600
16100
11900
15800
14100
7000
4100
15900
14800
17000
10600
3800
14400
16600
9100
8500
9600
13500
12400
6600
7200
11800
5400
14000
9500
9800
3800
12400
13200
7000
7000
11400
4000
8800
13100
14700
12000
7000
15500
5200
18900
13100
13100
4000
18800
4200
17100
13000
18800
8700
13300
8900
17100
9900
8400
14100
4700
10500
5900
6200
5200
15900
17800
17900
11400
13100
10800
17000
8700
8700
5600
13100
7300
19500
23600
17400
13300
3400
14200
9000
17900
4500
9800
18500
6600
7100
17100
4000
5400
6900
10900
10200
8000
7000
9100
5400
7000
4800
5700
12900
9200
9200
12800
8900
5900
14400
5900
9500
17900
18700
12800
15900
19000
16500
19100
8400
9100
5100
6000
5200
12000
7500
14100
11100
14300
11900
8300
15200
5200
7300
15900
10400
3700
13400
5300
3800
12800
17700
5300
10600
9600
15200
9800
6000
7100
15900
4300
16500
11800
9800
19100
18900
7400
19100
17700
8500
10600
4500
12500
17900
3700
11400
4800
18500
13500
12900
18800
8900
12200
9500
13700
4200
12200
11000
3500
14700
7400
18900
13100
8500
11700
7600
15100
4900
5400
18600
18400
19100
11400
5600
14500
13500
15100
25400
7600
7400
9200
10700
9500
4400
8100
9800
17200
14100
10500
9000
12700
18000
8100
8300
15300
14400
15100
5100
11500
8700
17900
8100
9900
13200
4100
9700
9800
4700
3300
14600
12700
7100
15000
16600
18100
11900
6900
11400
12200
4600
7700
17800
13200
6400
6500
4500
8500
7300
17500
21900
13400
6600
8700
9900
13900
3600
4300
4600
14100
18400
10000
15900
7600
14500
14500
10700
9000
13900
19000
5400
11600
14800
7600
16400
5300
10600
21600
14000
5500
10500
10400
18300
17300
14400
13300
11100
8600
6400
5400
7600
16800
15800
11000
13000
6500
7200
10700
10600
17800
5800
4000
3700
4300
4700
18800
8300
17000
9400
13000
17100
13500
7100
16600
11600
9300
7900
4700
17800
10000
8300
10900
10000
13500
14000
4300
8100
7200
16900
7100
5000
9600
9900
14900
7500
12700
4300
13300
6600
15000
14000
18800
4800
6200
18700
17500
10300
13400
11700
7700
10000
6300
14700
4600
12500
10200
16000
17100
7500
14300
4000
9400
9800
6400
3800
15600
4400
9300
6200
12600
16200
12700
10700
18400
16700
4400
5100
3500
17900
6400
7700
11000
4100
7400
3700
3700
18600
10800
12900
12500
19000
9900
10100
4500
4000
15700
5900
15100
6800
6100
7600
4500
15400
12800
14700
8300
22500
13800
19400
15200
11200
18100
6500
7000
10400
17300
17400
5500
7700
6100
5100
7900
9700
16600
4700
10700
10100
3900
17900
3600
7600
16800
10600
21300
12700
6000
11600
16800
10800
8700
11300
6100
14300
11100
18200
5000
12600
14500
5500
13900
9700
15000
4300
5300
6000
18000
4200
8600
7200
16300
11600
16700
6400
7100
16200
13500
15100
5700
6700
6300
11000
13400
9500
6600
18900
12300
11200
3800
18600
9800
18700
14900
6200
13700
8500
8000
15400
10600
8600
18200
8000
6400
17600
17300
18600
13600
8400
7400
13800
15500
10300
11900
11800
18300
13700
10200
7300
9500
4800
15200
6800
9300
12700
16600
6100
3400
9400
7000
17900
15200
18500
10200
13100
15800
5800
13900
17900
4000
9200
18100
4100
8300
15500
5600
6200
15000
14800
18300
5700
6000
18200
5400
15500
6700
12700
4000
10900
6500
17500
8000
6500
10200
9000
19000
16800
12800
9000
10500
15200
12500
15600
13300
5600
4100
16800
4800
4400
14700
18600
4600
13800
16000
6900
10800
16800
4200
13600
17100
7300
17800
4800
5300
6800
3700
14600
11200
17900
8400
14700
17000
13700
9900
13400
10300
18400
12600
4300
17100
12700
6000
3400
18100
13300
18200
16000
18900
12400
13600
5000
5000
7000
9800
7100
6900
11200
9300
14600
4400
17100
8600
18400
7600
14100
10700
9800
17400
9400
6300
4400
6600
11000
13900
14300
15400
9100
3500
7800
13000
7100
13200
8800
7500
11200
18700
8600
10100
5300
18700
7400
5900
13400
7800
5800
9000
18200
6600
3900
14500
3800
12100
11100
9700
8200
12300
17500
9500
15200
5800
5400
10500
8400
16900
3900
14600
7900
8400
10300
12900
12300
9600
9000
11700
12000
3900
7800
18700
6400
4300
18000
8300
9600
16000
10400
12200
16400
15200
4800
18100
6500
8600
17700
13900
16400
19100
18600
12400
16700
5000
6000
5800
5200
6900
13800
14100
10400
18100
10600
4800
16800
8800
15100
16000
7100
13300
17400
12300
8700
8800
18300
15500
19000
11300
10000
6800
13800
7000
9200
8800
4800
18600
16500
10700
12000
4500
16300
18900
4300
11100
7900
10700
15600
7400
11200
13600
17100
4400
12800
9500
15600
5500
17400
12500
4100
7300
11100
11200
4500
6900
16900
11100
9700
6400
3700
14200
12400
10400
17300
15200
13300
3500
5900
17700
15200
6900
11300
12600
13100
13900
7200
13200
9800
3600
12500
15200
10000
5300
4800
10700
5900
16400
4300
9000
10400
5100
12000
6700
11200
4300
9300
4400
3900
9300
6700
9800
12700
6700
13500
18200
7300
17400
11300
13900
17700
6100
9700
6400
16700
5000
12900
6000
7700
6000
16500
4800
14100
12500
18800
6000
5300
9300
12700
18500
5900
7500
14400
9500
16400
7100
6700
8400
12900
17500
9200
8700
11600
15700
8200
7400
15500
9900
3700
7000
3900
16200
8800
7000
9900
9200
13400
17500
7600
9200
16100
6100
9600
5600
13000
20600
12100
13800
14800
7600
14400
14900
12300
18400
10200
11200
9800
15800
4900
16900
12900
7600
7100
15500
16700
8500
4500
16600
8800
12500
16100
9800
4900
16100
17700
9900
6900
3500
5100
6300
4300
6100
14100
10500
4200
9600
3400
13200
15700
4700
11300
19500
13100
8700
12100
18000
10600
6800
17100
12200
3800
17800
15000
4500
7200
5400
5400
16000
15900
4400
10700
12500
13800
12000
7900
9900
12900
12800
10100
7300
19000
4400
12100
12100
17600
9700
8600
3700
8800
11900
9600
17700
15900
9300
19000
18600
11900
13400
17700
10700
12800
15900
8900
10900
12200
13800
9700
15300
9600
15400
18300
10700
10300
5000
12900
17200
7000
12900
10300
5400
8000
12200
14100
18500
16900
6200
11800
18700
18400
5900
16900
13000
12500
16600
3800
16300
16400
12600
8200
4800
9600
17600
18500
17300
7900
3600
6300
10700
3500
18900
5200
6100
13800
9500
14300
11700
9400
15200
9400
9500
9100
4400
5100
8200
4200
4100
6800
6400
10600
3600
16500
8500
4900
17700
18000
9800
16500
9000
10200
8000
9100
9000
4600
15000
14400
4500
13700
5500
9800
7900
13700
7100
7500
17100
6900
17700
13500
7200
9800
4500
12400
7400
11100
5300
11300
4100
4300
5800
11300
7800
9900
11500
11900
13100
18700
15400
17500
5500
16100
9100
14700
15700
6000
19400
15400
11000
13500
10900
4800
18000
10300
16400
3700
17200
18700
5400
11900
7600
16200
9500
13400
8700
3400
18000
18300
7200
14400
5600
4900
4000
11700
5400
11500
10300
7600
5500
3500
14500
7700
5000
16300
6800
18000
6800
9000
14600
7000
15900
10100
15400
9500
11000
5800
14000
13600
5900
15900
6700
4600
11500
6800
11900
6700
10100
3700
7700
8400
12700
6900
10900
17500
5200
13800
19100
8000
17700
17900
12100
16400
7300
11500
12900
4200
5000
14500
11300
18900
17500
18200
15700
9500
4900
12500
18500
6400
10800
8500
10400
6500
11900
10300
21500
10000
6800
14600
5400
19200
9800
4000
14700
18900
11200
5200
11700
11500
12100
5900
5800
3700
12700
5600
14000
20700
4300
11200
7200
11100
16700
18200
13600
4000
18200
4700
9800
4000
16500
15200
6400
4700
8100
17300
14300
18400
13600
15700
12100
12500
10400
10500
17200
8800
16700
12600
5600
8100
10100
15400
5400
13300
7600
14000
15100
16300
8100
11700
8300
14200
16800
3500
6500
10800
5100
4900
12000
14900
15700
4600
18500
14500
14100
9400
3700
13700
9800
12600
3800
8900
7400
3900
10700
5800
5500
14000
6600
12200
13400
5700
7800
10700
16100
12400
20800
4000
7500
19000
13000
8800
4400
10900
6400
11900
15400
18200
10200
5100
11100
9400
16000
9400
7900
5400
10100
16100
17300
12600
7700
18500
6100
12100
17700
11400
19100
18700
8000
6700
9000
5500
6900
9100
14500
13500
14700
6700
15200
7800
15700
7800
13200
18000
14300
10900
6900
7400
10100
9100
8600
6300
7300
18900
18500
16300
4400
7900
5900
6900
9400
18000
4800
5700
9800
9500
13500
5300
13500
17900
17200
9700
5700
8900
7500
16300
7400
17700
9400
8000
17500
7900
5900
12900
15700
8400
15200
18600
4100
18700
10400
11700
7900
15000
16600
6900
10700
16600
19300
15900
10800
13200
7100
15600
8200
15400
10000
4000
9900
16600
6000
17500
6800
18000
12900
16800
7200
13600
7300
10300
9800
9400
11100
6600
13100
9900
16200
11500
7500
9000
12300
10700
10700
16900
13400
12100
4300
13000
16200
13600
10100
9300
8300
17900
18700
3800
5000
13500
8200
9600
13600
12200
3400
10700
18300
11700
9700
7200
15100
6900
4300
12400
6000
12100
10700
4200
5600
9900
15400
15400
11000
4900
15700
6400
7200
18000
5000
12900
16200
12200
4600
4700
3500
7600
7500
11500
13400
14000
5200
7600
10500
13400
8300
4500
11200
5700
6700
9200
16600
6900
18000
15700
7600
11500
6700
17800
8000
15500
11600
8900
6100
13300
17300
17500
10000
7700
11700
4400
19600
6100
6000
7300
7800
10100
11800
8000
14200
3500
8100
4800
5600
5600
11800
3400
10700
5800
7600
16200
11800
10000
11100
7500
3400
6200
4900
12200
15000
16600
12500
17700
9200
4100
8100
13000
7800
4100
17500
17800
7800
13900
18600
13900
12200
8200
6200
7700
3600
8100
11200
10300
16200
5600
9500
9700
5100
12700
10400
18800
3300
5800
15500
16600
13400
14100
7200
5400
10000
12000
6500
7100
13900
16700
7500
9500
5800
5200
5800
14200
11300
4500
14100
3500
5400
13100
13700
17800
12600
18100
16500
9400
6200
16800
7000
7800
7600
12300
12100
17900
13900
8000
15000
15500
4300
13500
12000
17000
9000
5600
11800
6500
16200
12500
3400
8900
9500
17100
15800
3900
8200
13400
17700
19200
17100
5700
15800
7300
8300
16900
13900
6500
10400
9700
5500
7300
4300
9600
14600
13100
13400
5200
15400
11000
15300
11700
18700
10600
18000
8500
20400
4700
4600
5400
12400
10200
12000
9600
9800
10100
10400
5400
5900
7200
12800
10400
13500
18700
7800
12400
10800
7900
17000
12400
8100
8100
10900
4300
5400
6200
15300
6900
11900
11900
4200
6700
9600
11900
15200
14900
4800
3900
17700
16000
16900
16300
9800
6300
4900
11400
18300
13700
15200
18300
8000
7800
4900
3300
12200
3800
11300
18100
5900
11600
4900
3500
5500
8900
7500
4900
11500
7700
11500
11200
14900
3500
5500
3600
9900
6300
13100
12500
4700
10800
13700
17100
4900
7300
10300
17000
3900
5500
10500
16700
4700
6100
17100
12400
11300
4500
23900
16500
10200
4500
14700
4200
3700
16500
12500
4200
17700
6400
4600
7500
6500
6200
7600
16000
9200
11200
11900
18200
6100
13300
5500
3800
18300
18200
16700
6700
15100
5200
16700
12300
7400
8900
9100
18700
15300
9600
5900
11700
4100
14500
17400
8700
8900
7700
10700
13100
5600
18400
4600
9600
11200
5000
6800
10700
6500
17000
3800
7700
9500
14000
10700
11700
18900
14200
17600
9000
5500
15600
4400
16200
5600
14200
13800
4100
9500
17600
9400
6800
9800
15800
16300
9200
4000
18800
13900
5100
17100
5800
3700
5600
16100
17300
8400
12100
18200
12700
10300
10800
9400
15300
13400
18000
11800
4100
11700
11600
12500
18300
18700
13000
13300
9500
3900
17800
18400
14700
12500
7300
13700
11800
10100
9100
6400
10100
11100
10000
13600
17900
5200
9800
7700
21400
18800
4000
13600
14900
3800
15400
15400
11600
7900
17700
14200
6200
5800
11300
6600
13300
5800
13700
16500
10400
17200
18900
12800
9700
14400
6300
17500
12200
4300
11800
7400
5100
5800
16400
15800
8700
7200
8500
17900
13100
15600
10000
15100
13900
5900
17800
14000
8800
17800
11900
16500
4600
5400
9700
7400
15800
18100
6600
12900
9000
7100
4800
6900
5300
18300
3700
18200
8900
16300
15600
14800
3800
12900
3400
9900
10100
12800
3600
10700
10900
17500
5300
13400
5000
8100
15700
3900
4800
9500
4500
13400
18400
17900
3900
11900
8200
6400
17600
17300
18500
7100
8500
8100
14200
9500
17200
17200
14300
8700
18200
9500
4100
13400
4200
17600
6400
14600
16400
13600
9300
14000
18300
3600
14900
8100
8900
7500
18300
8400
9000
10000
13800
16600
5800
4400
3600
6000
14400
6000
10400
10800
9600
12600
13800
14100
18500
11900
16100
8000
16000
15200
18100
14200
7700
15300
16200
8400
17200
18300
17200
10300
8000
6800
13100
8100
4300
6100
7600
18600
9800
9700
6800
8700
17400
18100
18100
15500
6500
11500
3600
9200
10300
12900
14400
9700
9900
14300
15700
4100
4100
6500
10700
10900
6300
12200
22400
23900
21300
23600
28800
50600
13400
40100
21700
23700
47800
24700
50100
29000
6000
32800
9800
28900
30400
19000
23800
23000
29000
11400
15100
22300
32700
7600
16700
29800
29300
23500
29100
22300
8500
14600
22300
11500
9200
7800
32300
28300
13500
28700
31500
7000
7700
12000
25200
26200
14200
13500
6000
20000
12600
4600
5200
10900
16700
8300
11500
13500
6300
4200
17000
6000
10100
17400
19100
4300
5200
3700
4500
11300
15500
9800
3600
6700
7900
10000
7200
11000
9100
17200
23600
10000
4700
4800
17800
19100
4600
12900
13700
16100
10200
19600
6900
14800
19500
12900
5900
3900
18500
13600
13800
4700
15300
14200
16300
5300
9900
8600
7400
7700
19400
7000
19000
13700
7100
13700
8100
9600
4900
16600
18400
7500
8600
10800
11800
6500
8700
13100
17800
5300
10200
7300
11500
17400
12100
11700
20000
15100
17100
12400
16200
5500
11600
3900
14200
12100
8300
9100
6100
11900
17000
6600
6200
11800
8300
19200
4300
11100
19800
12100
8400
11000
12900
19600
17600
12300
12500
14000
9700
12200
7000
11900
18000
7700
16900
6000
4800
8400
16000
6600
6300
10200
19800
7400
18400
7500
10700
11500
17800
15000
9200
14900
18100
7000
7700
10400
12800
7100
18000
6300
5600
4200
17400
6400
6100
10700
16500
14600
14200
5300
9600
19500
7900
5100
12100
7600
4800
15200
10900
6200
5300
15200
13400
6500
17400
20100
15500
13800
5800
8100
7300
9500
7100
15700
20100
14600
16000
8900
4700
14700
4300
13400
8100
17900
7800
3900
3700
17100
20200
20300
14400
11100
11100
6200
13500
16800
9200
10600
13300
17400
22800
15900
14000
12300
20200
5300
16800
17400
17400
8700
13500
11300
13600
10200
12400
17400
10300
3800
16600
17600
10300
3600
15300
13000
3600
4700
4000
7700
16800
16000
5200
11100
11100
5100
7700
21700
9400
10200
10300
14100
15900
11100
7100
9000
6300
4200
7700
16300
6700
12900
5000
10300
16300
12200
5100
17600
10400
14600
14500
15500
19900
8100
7000
7300
10400
26900
17600
19800
49500
17300
46900
12400
45600
10300
14900
13500
23000
9400
16100
27600
40800
9200
20300
20800
10500
15700
8500
23000
8900
23700
6000
4900
14800
24900
8600
4700
23100
22400
18100
26600
23800
26500
11400
15200
13800
20800
15100
22900
27300
21200
21400
20900
17700
9100
9100
4900
8700
19100
11600
8400
15100
12100
17400
19100
6700
19700
8600
15100
6200
13000
7900
15300
17400
4300
10200
9100
13500
16600
15800
9600
14400
15600
10700
13100
4300
6400
8000
4900
4600
17600
14500
4900
15000
4700
18700
7700
17800
11400
10000
6400
16200
16800
13500
6700
3600
9400
7200
10200
14600
10200
15600
12100
8500
9000
12000
7700
4900
7800
9200
12900
9300
11200
11800
3900
17300
15300
5200
12100
14300
15000
9400
7000
3600
18100
18700
8700
7000
15800
7900
18000
16200
16700
17100
11500
17800
8700
8900
17100
6500
7300
4000
18500
10900
5500
8900
17600
11300
10600
13100
5800
6900
9400
6600
17800
14400
10500
7000
6300
7700
11400
8600
16900
7700
9300
14000
3300
4100
10500
9600
3500
4500
18100
15400
9300
4500
6700
8500
12900
5100
18000
12700
13000
3600
3900
5000
16500
4200
3900
9400
18600
12600
18700
4400
11100
4100
16000
16300
4900
15800
12300
7000
8800
15600
12200
6400
14200
5900
15500
9500
5600
10200
7400
5200
10700
18300
9500
14000
18500
7200
14900
8300
4400
16500
10300
9600
18600
11200
14500
17700
10700
5000
18000
16900
6300
10500
13800
17800
3800
13100
16200
12200
6300
6200
17200
12300
8600
14600
11400
12200
15800
5700
12300
6700
6400
11500
4200
5400
9500
13000
3700
11400
17300
8200
13200
17500
15300
14500
3800
12600
9700
11100
10000
9800
17500
9400
5700
14700
18600
3500
14700
18000
6000
14800
16000
15600
5300
18200
14300
12100
13400
6100
12800
8800
16100
17600
10900
4900
5800
10600
15800
6700
3700
15500
8700
18200
6600
11500
13200
5800
16200
18000
4300
18300
15400
5000
5100
5600
6000
4600
12000
3700
15100
4400
7300
8400
10600
11200
8100
9000
6700
11900
4300
3800
10500
7800
12000
6500
20100
5100
11700
6000
3600
6900
15300
18100
16900
16600
9900
13400
14500
13100
9300
11400
4300
17400
14800
8000
4700
8800
3900
6400
9700
15900
5500
14500
18200
5600
7700
7700
19100
8100
14900
18200
15800
13200
4000
11600
6400
6200
18400
16300
9200
13000
5900
7700
9600
10800
14200
9900
4100
6800
3900
12000
17900
8000
8900
16800
12000
17200
13700
5500
13700
9500
7700
4200
12700
15800
15200
6200
9700
15500
15400
7600
8400
8600
12400
16400
6200
4000
13300
17200
12600
4800
12100
8600
10100
18500
8100
8900
12700
18600
6300
16700
15000
5400
4900
12000
17600
12800
5200
10600
12000
8700
14000
15100
9200
16300
15100
5100
13200
13100
13100
8800
5500
17500
9000
6000
13700
14900
10400
6400
17000
21400
9300
6400
3500
14800
14000
13700
15900
15300
13300
6500
15100
3600
17300
12400
5600
7800
7000
18200
5900
11300
8500
13500
16900
6100
10100
16100
4200
4600
13900
16300
3500
11800
15300
15000
16200
6500
4700
9200
17600
8200
12700
8100
18400
15500
11600
9800
9000
10600
17600
14900
6000
11700
5300
17200
9100
12600
18200
4300
6300
16300
8500
17500
13000
9400
17600
12300
15200
14800
8600
8300
17600
12400
17900
5800
15200
15800
15400
11700
8200
13100
3800
3500
4500
17600
16700
7800
6800
17300
17100
17700
14800
5800
16900
9800
8200
4400
12100
5400
14200
4900
12700
9300
14700
5900
10100
7200
4600
17600
4500
6900
4300
5300
4900
4100
10600
13700
8400
17700
4400
5600
16900
6500
5800
4500
5800
4700
10400
4000
17900
15700
11200
6200
4400
14800
4000
17900
7200
7000
3500
8800
8800
13500
10500
7700
8200
8600
15500
16700
3300
9600
5700
12100
6800
18100
11300
8800
3800
5700
3700
5200
7300
3600
13800
9500
6000
15400
4000
12200
4200
11200
14900
4000
7900
17300
10300
4000
11800
16600
9400
11400
12800
9500
18300
12100
3600
5800
18500
4700
11800
14400
9900
14700
3800
12500
4800
15700
4900
16000
9800
15200
10600
4600
5700
9800
5600
13400
4600
17500
16700
10500
10400
7400
14800
14800
16300
4500
5300
11000
6600
12600
7800
17900
16000
17800
7400
16600
18600
17200
5600
8500
15800
16300
11100
16100
11600
13200
16200
9300
14200
18500
3700
7000
4400
9900
16400
13300
46100
11200
29200
23600
18800
35200
44100
37000
8600
44100
14400
36900
20400
49700
31300
52100
29100
14100
15700
46400
18100
40900
30200
43200
14500
33000
13400
14400
26900
28200
57300
9600
42600
20800
57800
18200
43000
14500
10900
12200
11700
16900
7200
9700
5400
17000
16600
9500
3700
13300
4600
19100
15300
15800
4600
17500
10100
7900
10100
17300
18000
15700
18200
13400
9300
4900
18500
11100
9000
17600
9200
7200
8500
13000
5700
7500
10700
7200
7200
13500
18600
7300
5000
13500
8200
6100
10800
8800
15600
4200
13400
18700
5300
5900
4200
3600
17200
16800
16300
8100
12000
10800
19700
7700
19500
11800
3800
4400
18300
7700
15500
8400
3600
5300
15900
9700
5200
5400
19100
3600
14000
12700
18400
16100
11700
17600
4000
18500
11200
8900
19600
8300
10300
17700
19400
12700
13400
8400
10200
6600
15100
8700
5600
6400
15100
18200
9600
17500
13400
11500
5300
4700
22300
16900
10600
18000
8600
17100
6300
13600
9700
16100
5200
14200
14700
16700
18700
11800
17800
6700
7600
3800
7200
11600
11400
18500
4100
5800
7400
5200
8500
8000
16400
8600
19100
10400
8500
10300
14500
4400
4100
16000
13400
5300
11500
11800
14700
11400
18200
14300
13600
10400
12500
16400
6500
9500
17700
14700
8300
12300
18700
3500
19000
11900
9000
15100
5200
12000
17000
6600
17900
8800
10700
13600
16000
10500
9600
7900
13800
10900
12100
14500
12200
19500
18500
9300
5800
12200
15300
12800
13700
11500
18400
17200
7600
8300
16200
16900
14000
3500
13800
15400
3900
15400
5900
17400
5200
14200
14500
13600
10300
5800
8000
5700
10700
7900
10800
5000
9800
18200
6300
16200
12300
17400
9300
9700
10300
5000
7000
11300
13300
9200
15000
16900
13200
16000
5100
7000
16500
11200
16000
10700
17700
8000
16600
15600
3600
17300
15100
9700
7200
7500
16700
8000
8400
16600
7700
15900
7100
10500
3500
6500
7900
6700
3300
4600
10200
3600
3500
10200
5100
10400
6100
11100
7900
3600
4800
8800
5400
5000
16500
11300
18600
14600
4200
16700
5900
9600
8000
9300
6900
11100
18100
11800
16800
3300
16800
5500
5800
9300
9200
4500
11300
11700
11800
8600
8300
3600
3400
20500
12100
5400
12000
5700
7300
4100
10300
17500
6300
9700
16900
3500
5400
10400
9400
3600
18000
3600
7700
11600
5900
7900
16300
16200
3700
7600
6800
9800
15500
12300
11400
16000
18000
10700
6700
8500
9300
16700
7300
10200
13300
11700
17400
10100
11400
13500
16600
14300
17300
11100
7600
13200
11400
7800
9300
16300
6400
11800
10700
11700
10400
18200
16700
11500
7100
11800
11600
12300
4300
17500
7700
15800
10100
10100
13900
10000
9700
15300
13000
10800
15600
10100
12800
11000
14800
16000
7700
13400
4800
17700
5600
17900
3600
6100
5600
15100
10300
12900
12500
17800
3800
17400
16100
4400
15400
11800
5400
16600
6600
9600
5000
9200
5600
16300
7500
12000
5500
13700
16800
7700
15200
8100
9000
7400
13900
12100
5500
11300
12800
16900
10500
6600
16700
11700
18900
5100
12100
4500
10500
14200
6000
16300
12300
7500
14900
15200
12900
17700
13300
5600
12400
5100
17100
9000
11400
16000
10900
9400
13300
8800
17100
12500
4700
12600
7800
7900
12800
16100
11600
9600
5700
5200
3800
10000
10700
13400
17500
16400
7900
14200
8800
18600
14400
12000
18700
5500
4800
18300
4000
12400
9000
8100
8100
10000
13900
5800
9200
3900
17400
18600
13400
9700
12100
9000
6300
18100
4700
3700
10500
3500
17600
17000
4500
10400
18700
4200
8800
8100
16600
13700
12900
15600
9100
9000
18400
12700
3300
14000
16100
7100
15600
12800
17700
15900
6400
15600
17000
4400
7200
18400
8100
6600
10600
14200
16200
17900
14400
18100
15500
10800
10600
14400
12200
8500
13800
9300
16900
3800
17700
5700
10600
9800
3800
13200
18500
7400
9300
12000
9700
6200
16700
7700
11400
5900
10500
17800
4600
7300
12600
12000
15800
17700
4600
5000
11600
10700
13700
9800
16000
5100
11400
14600
8200
5100
18300
9100
8700
15100
5900
8300
8200
5500
13300
8400
4000
10600
4300
10400
17300
17300
9300
11600
4400
6000
15900
15100
15100
15600
11700
6600
16200
8200
11400
4400
17700
13900
5000
14500
11100
6100
8800
5900
6500
12300
12800
13100
3900
6200
12700
10000
3500
9800
6200
5300
8900
16400
4300
8200
7300
7100
10900
18700
17500
13900
3500
17400
7800
6500
18400
17800
18600
8400
17500
12400
15100
8400
10600
6400
12400
8900
6600
5600
18100
3900
16900
8500
4000
3600
9300
7900
8300
15600
8600
5600
14500
5900
4000
14600
11500
11000
9300
5500
10200
12100
6500
14100
12000
16000
16400
9300
11100
12000
9400
13300
11600
13900
16200
7000
14900
11600
8100
15000
12700
14800
14600
9400
3500
11400
4200
3900
10300
13600
6800
15000
6100
14600
16000
17700
18300
11400
17200
9300
10500
15200
15800
17900
16800
10200
7700
8600
17300
5500
15800
16200
12500
7200
10900
7100
7500
6200
5900
5300
16400
4700
6600
10800
5400
3500
13400
13600
13300
10500
13900
4300
3900
16200
6500
6200
5600
11800
3600
9300
6900
5200
16400
9100
8600
14800
16700
4300
7000
8200
7600
17500
8200
4600
4100
7800
13200
4200
13200
12600
12900
4100
15000
11100
8900
14400
18000
14700
11600
10300
6500
16300
5200
5300
18300
7200
9000
8300
6600
15100
10200
10000
3600
12300
11900
17000
11400
17100
5200
10700
15200
7500
3900
12800
18000
12100
9900
11800
11000
16900
16400
16500
4000
15200
7300
8600
17500
17300
16400
6800
13200
13400
17800
13900
18500
17000
12600
15500
8900
6800
14500
13400
14000
3400
16300
5800
13200
17500
14000
14800
6900
15900
3600
17000
10700
7800
5900
17200
10200
17200
4300
7900
4400
15900
4300
6200
14300
7800
15800
14500
16300
5400
10400
5500
6800
10400
3600
5200
12900
17900
8000
12000
13500
6300
12600
16300
17400
11700
15500
16900
16300
5000
7500
7100
15700
18500
14000
18300
6400
9100
18100
7800
6700
4400
6700
5300
14600
11400
17800
14400
12900
14400
11100
4000
14600
15500
6500
8900
12500
5100
16700
4600
3500
8000
8700
12000
7000
3600
7600
11900
4100
6700
10600
12600
11200
13100
10200
13700
5100
11000
5600
5300
13500
18100
11900
10200
13400
11500
17200
15000
16700
16500
7300
4600
6400
5600
7200
7500
10000
13300
17300
8500
9600
8100
26200
6900
17900
12900
13100
14500
12700
17300
13100
7900
5200
4000
16800
4800
6600
18000
3400
16200
10400
5700
11000
8500
15600
6300
16500
6500
10100
16000
17900
14800
4800
14800
18400
5300
13000
8700
7300
6200
12500
3100
6000
7600
11700
15600
5900
9300
10600
16900
17000
12500
7900
5500
18500
4000
4900
9100
7900
7300
17700
12900
14700
12500
4800
11700
17500
12300
13600
7100
5100
12900
5400
14200
14700
15500
17200
4900
6900
16400
14800
5300
8300
8800
10700
15300
6000
4700
4300
12900
11200
17200
13500
17100
13500
16600
5800
16000
10900
7000
9000
12700
9100
4500
5600
14600
8100
3200
8500
18200
7600
8400
16400
11700
8100
3900
17400
7400
6000
7700
18100
9000
10500
15700
15000
8300
10800
4400
9700
7000
16800
11400
15200
6300
8600
9300
5100
10800
15400
13300
8900
7200
14800
17300
14400
9000
18400
18200
4500
4100
13500
16100
12600
22500
4500
8500
5100
9000
9700
7500
17800
6500
3900
7600
10700
4500
14300
11300
4400
15300
13700
4200
10400
16400
10000
18400
6700
15200
11700
11800
7700
8600
8600
15000
13400
14300
13400
11900
6200
12200
13100
9300
14000
3800
9900
11700
6700
4700
14300
18500
6800
15800
8900
5000
9200
10100
13000
11100
15800
17100
13200
12700
9800
16200
7500
15000
8200
10100
12700
9200
17200
5700
5800
10900
8200
15900
12100
3600
4800
8600
9900
6400
13600
13400
9900
5700
17300
8000
12500
8200
10000
5100
8800
12100
15300
12000
5200
9500
16800
7600
9100
15500
10100
10200
8400
17300
4600
3500
6500
4400
13100
3800
7600
17500
11000
17500
15600
13900
4100
6200
8100
7400
16800
6000
13700
13800
6800
10500
8200
6800
8900
16700
17500
15800
13900
17300
12400
5200
6400
14800
13400
12200
22400
17300
10900
14000
7700
4100
6100
14500
9200
3900
11200
14800
16900
10300
10600
13700
13200
4700
10400
7800
8300
12500
14300
5400
11100
5900
5500
3500
13400
11600
9400
9600
13300
5700
9100
15300
10900
17100
5100
16400
9500
17300
13200
15000
10100
13000
8800
5300
4500
5500
4800
6200
3700
7800
9200
5200
18200
18400
6200
9700
4300
17800
6400
16400
10300
16800
11700
16600
11700
7000
7100
4800
11700
6100
16500
13000
9600
12800
12900
7200
18000
7200
5800
15700
15800
9400
7300
8900
4600
16300
17500
4200
9700
13800
12400
16900
6700
7800
13500
15300
10400
9700
12400
7600
12200
6400
21800
16000
8700
13100
5100
8900
14300
14500
9800
9100
18300
16800
6800
4300
12500
7300
12300
13600
12000
5400
16400
6300
3600
7700
12000
5400
14600
8100
3800
16200
10100
3300
7700
9000
6000
13800
9800
17200
14800
5600
7800
11600
6300
11900
14900
9700
3800
15300
15400
11000
7500
6700
5700
10600
5100
3900
6300
13700
7700
5600
5500
9300
16700
10900
17600
8100
12200
7700
11900
5000
6700
13800
10200
15000
17100
9200
10900
4500
12000
3400
11800
13300
8700
3400
13100
5000
11100
13300
10800
10800
9900
4800
17300
4500
7300
16100
14500
11900
17900
3700
8300
13400
8200
12100
10700
17200
13800
11800
16500
5600
15500
7200
12200
8800
17100
9000
11100
12700
5200
4300
13300
4000
14100
6700
8100
14500
5400
7600
9800
15700
6900
6000
13300
7400
8000
15300
10500
6700
6100
13100
10800
8500
17800
18200
14300
6200
7900
4600
15100
5800
5200
10800
15200
5100
13400
5700
10400
11800
13600
9300
13700
7900
14900
14600
8200
5100
13600
11600
7400
4000
11600
9200
4600
15300
16500
8100
7600
5400
7800
8200
8900
9100
3700
11900
14300
10900
12600
11800
10500
12900
3700
6700
8800
15600
11300
16300
14100
10200
6600
7400
5800
11700
4500
12400
9500
15400
4400
9800
11100
5700
14400
14700
10300
18000
11400
13500
5600
12600
17100
5700
17800
12800
3800
14000
17100
14300
16400
7400
17900
6900
8700
4200
4900
17600
7900
11900
5900
4300
9700
15400
9600
18400
4300
6900
17100
8700
5900
17800
4900
15000
14200
6600
12500
7700
13400
17900
7400
4600
10900
16700
9900
17100
5000
7800
13000
5800
17300
4000
5600
16100
15000
5100
9900
3500
6500
11200
5600
12900
14300
6200
5500
8900
5900
13000
7000
11400
7500
9700
5500
5500
4100
16200
16200
18600
13100
13800
16900
3300
7100
7800
15900
8700
3700
17800
5000
9200
7600
14100
6700
7700
6300
11700
3400
9200
4200
4300
11300
16200
18500
10500
6900
15600
8100
5700
14700
17400
6900
4100
6200
17400
8900
9300
13000
5700
13600
16900
13600
9600
8500
12100
9500
9500
11500
9700
6800
8700
7200
20500
6600
15900
12300
16100
6300
17900
4400
8500
9900
12500
12100
18100
5200
17700
15100
18200
14100
13300
13100
13800
7600
7000
5800
3400
14100
12600
8600
4200
12900
13300
5400
16800
9200
6200
5200
10400
3500
11600
15300
15900
18100
10800
9200
10800
8400
10700
8900
11800
5800
18200
8000
8300
6800
6100
13900
8500
9600
7100
3400
4400
10300
4700
14500
14500
15100
12700
14000
4700
8800
6200
14500
3700
10700
4400
6100
4900
11400
3300
7300
12200
9900
7200
13000
4200
9600
14700
3700
5200
17400
9800
8800
4600
7100
3400
11900
6100
5600
12500
14100
5500
7900
8900
3400
16200
15000
17200
16800
6000
9200
9900
7900
6300
3700
9900
16900
16400
5500
6500
13700
6100
7500
7600
7200
8100
11100
3700
13400
4700
8300
16900
6200
18000
12800
13100
17900
17400
12300
10500
15900
14600
7000
11600
6900
6900
6400
12300
9100
3800
4500
14100
8300
3600
6500
9700
14100
6000
16900
9700
6500
17700
11400
5800
18000
6800
8800
7900
11200
16400
15800
8600
16300
14400
11800
9100
18300
5600
15100
13000
3400
11500
15400
5600
7600
14500
8300
14900
6000
11300
7700
12800
3500
5300
5300
6800
9900
7800
9200
8600
6900
9000
16600
16300
17600
10900
5400
3700
8200
4300
9900
7500
15800
6600
10900
15200
11000
9100
8800
11400
4700
17900
3900
6800
11200
10500
6500
6000
6000
11300
11300
15800
17900
6100
12600
14000
10700
18100
7000
5200
4100
17500
8600
9100
15800
16300
8700
15300
9000
17900
16900
17800
4700
7800
6600
13200
17000
4300
9200
9700
4300
14900
17000
6100
13500
6800
5500
4700
5100
16000
9700
9600
4900
6200
13300
3900
6400
8100
13300
15300
9100
6300
7600
17800
8200
10200
10600
7900
5800
8600
10300
5300
7200
16000
6800
5600
11900
8500
14000
4500
15300
12800
13000
6700
9400
6200
3600
17300
5300
9300
17000
4500
5300
10800
3700
9900
5000
4400
10100
3500
13600
9100
4900
4300
13500
9300
10400
10900
10200
11700
8100
9300
10900
9300
5200
5800
9600
11200
6900
16900
11200
13100
16700
3800
6000
14200
14100
4900
3700
15700
13500
5600
3800
7800
6500
8500
3700
3600
18000
9100
14200
6400
11900
17600
8600
15500
18000
11800
12700
7800
6100
10500
14500
15800
10200
15500
11600
6800
4500
8400
13200
4100
4300
5900
5000
10100
5100
15200
10800
8700
3900
13900
13000
18000
8300
6800
13700
7500
10500
14600
5900
6600
7100
12800
17500
13400
10600
5000
5000
5400
13800
16100
5500
4500
11900
13900
8600
3300
5500
8000
10100
9200
12100
10600
4800
18300
5300
7500
12100
17000
14700
11500
15200
3900
13300
7400
5100
8300
14500
16300
4900
8900
11300
4900
8900
7600
7300
9400
12800
7600
5900
18100
17500
14000
14800
6500
17900
11700
7200
15000
4700
10500
11400
7800
6100
15100
18200
7900
8900
16100
15800
8100
17400
3300
17900
3900
12700
6800
3700
18000
10200
10200
17800
5200
17500
6300
14000
4800
9600
15900
8500
6200
18500
7900
11400
9600
12900
4700
12000
13700
17900
9400
8000
16900
13600
6700
16600
12100
5300
7600
7600
13600
12000
17100
10100
16100
13900
4000
10200
3700
12900
17700
8300
4800
3700
14100
8300
11100
14200
11000
4300
12200
8700
16800
11000
16200
10300
17500
3600
15300
3600
8400
7700
8900
11700
9200
5700
8600
11800
11100
7300
11100
15600
10000
9200
14200
3900
4000
14900
4000
17800
17200
12900
17000
17800
11700
15200
11700
15700
14600
5900
8800
14200
12800
9700
7900
13000
4800
8500
8300
11600
15900
13600
9000
14100
15300
8500
9800
4400
5100
9300
5700
6800
12600
17600
17300
8400
12600
4700
18000
3600
17800
3600
10500
10200
10200
11600
11700
6400
10600
14200
3700
17200
4200
11200
12100
10400
9700
4000
12300
7400
16800
7900
17000
13400
7600
14700
8400
3800
6000
11300
8500
15700
12300
5200
12900
4800
13000
7300
4800
8700
17400
5900
16700
9500
6300
14900
7100
4700
5100
15500
6400
15800
16100
9300
4300
4600
7100
16300
9900
14800
16100
8300
4500
6800
15100
10700
5000
5000
9000
17100
11900
12100
5900
13100
7400
10500
6500
16200
10100
12200
4500
6400
11600
4400
5800
10100
15400
15900
12400
6700
10400
14800
11700
3700
13900
17900
15100
11600
14100
10100
11400
5600
6700
14200
5400
4600
6700
7200
5100
13400
5600
17000
14500
10000
5900
13600
11500
9900
11000
8900
5200
12700
3700
9300
13000
5800
14200
7300
11900
11500
9000
12300
5500
5700
6600
5600
9700
4600
8700
7500
7000
7200
14200
12300
15100
4300
10600
14800
7000
4700
16300
8500
3600
5800
6700
13600
15200
18000
10000
5100
5700
10900
9800
8500
8900
11900
16300
15600
3800
15800
12800
18200
7400
4700
13800
16000
9600
19800
7400
5300
6300
5800
16800
10800
6200
15400
12600
15100
13000
9300
17600
10400
13500
18000
14400
9200
8300
11600
14000
10200
4200
7800
6800
5600
57500
27400
9500
41600
11100
33200
31700
40900
22600
28400
37200
39700
38100
42600
43500
9400
15300
23100
15300
11300
21900
9900
16200
15400
17100
19200
15600
11200
8700
23800
21000
19000
13300
9400
15200
20100
7300
14900
18900
10700
14400
21500
21800
17900
5400
24300
16600
25200
4600
24500
13000
24500
15600
23000
8100
10100
18800
5400
19900
13100
25000
4200
21400
19100
13600
13900
5800
4800
3900
12600
6600
12800
4300
5700
17700
9700
5400
5400
18800
9300
7400
4400
15000
15600
10700
9100
7200
4500
12200
9800
9600
9600
13600
17700
6400
14100
15400
4200
14000
6800
5600
6800
8400
8100
19100
7100
17000
13800
13300
5900
5500
15200
18000
5800
3500
14800
7900
6800
10800
17500
8500
4600
17700
18700
4600
12400
4100
11800
21500
10700
18000
18900
5700
19200
16400
6500
16700
13500
4500
5700
4400
12300
6400
9700
5600
9700
7300
18600
3700
14000
17900
15000
9500
6000
6800
11800
6300
10000
18700
7700
7600
6100
6700
16600
12000
9400
16700
9000
9900
7800
5900
14900
12300
13300
6400
17800
5300
12300
7200
10700
18500
12000
16300
17000
9000
10200
11300
10900
4500
16300
9600
18200
7700
15500
13500
7200
8400
11200
13000
9200
6900
18000
6400
15200
6400
4900
4100
16300
6200
5200
17700
19100
5000
17600
8300
12100
7000
6600
17200
17100
8600
10400
10200
9000
12000
10900
8100
5400
8500
13400
15600
9800
9800
10400
18700
7100
15800
14200
12000
7400
15300
6700
4200
8800
19000
16100
4300
18900
4400
17200
6700
13200
16400
10400
5100
9200
4800
12900
4200
16500
6200
9400
12300
12800
11000
13100
11000
12700
3700
7900
4500
5700
11300
18100
7900
13200
15900
10300
18400
18900
8600
4300
11300
9500
13500
18200
9900
10800
6400
15500
9600
6600
17600
11500
8000
10200
8900
17900
9300
18600
10900
16700
17300
3600
11000
9600
12200
4300
18600
3900
9400
9800
12400
15700
15300
5500
15100
5800
19000
9600
16800
15600
7800
19800
15200
16000
6300
8500
4700
7200
4200
4500
9900
14000
10000
16700
6500
11700
16200
9900
12300
10400
13300
13500
12900
14300
18300
11100
17400
16300
8700
10400
8700
13200
4300
3900
11500
6000
10500
13600
6900
7100
11800
8600
19000
12200
11300
11300
11200
13300
4000
5300
7600
5900
17700
4600
16400
9700
17300
7200
9100
8100
14800
9100
8200
8100
18200
10200
6000
10200
8000
7000
3500
8700
3400
6800
5700
14200
9400
6100
11500
4000
15700
5800
6500
5700
17600
5100
17200
10400
8400
7400
6800
16000
6300
7100
10300
7200
10400
13000
15100
6200
11200
3800
11700
3300
6200
10800
14000
4000
13200
5000
3500
9900
4500
11000
15000
7700
17200
9900
16100
13900
12400
8700
15700
4100
5900
17500
17400
9500
11700
5900
6000
3800
11100
8100
12500
6000
4200
5300
7800
8400
10900
14200
12800
13600
5200
8200
16800
10800
16600
3700
10800
9600
11100
13000
9600
9800
17400
3800
5500
10700
13600
8800
3500
3600
3700
4500
14400
6700
15900
5100
12200
6700
11100
16900
16200
7900
4100
3900
5200
15800
4200
14700
14300
14700
4500
17100
11500
16100
15100
14400
5000
10300
5300
15800
5100
14800
9800
12600
15600
16500
10000
6800
14000
4600
4700
8200
17200
16100
7800
7500
8100
13800
4500
7300
9200
17900
3700
13500
13800
4000
6100
5100
10500
14000
10400
13800
6600
8400
12000
11400
16000
5700
6000
5100
14300
3900
8400
12700
11000
15000
11800
14300
7800
8500
12400
15300
8900
6500
16800
4800
5500
15000
15100
6500
15200
3800
4800
8000
16600
17800
6400
10900
5400
4700
15300
9800
7900
12300
10600
10300
18000
5800
16500
9600
13800
13500
7000
7900
8100
3900
3300
16700
16800
15400
6500
10100
14400
6700
8900
6600
11100
16000
3600
5900
9600
14100
15800
6600
4600
16000
10000
10600
4800
8700
9500
9600
15900
14400
17400
11500
17000
10600
12600
9500
6900
13000
17800
13300
11500
5600
11300
4900
15000
13200
5400
15800
17200
3600
11000
12300
5800
12600
9900
9000
16400
18200
3400
6900
6900
4500
17500
16500
14100
11900
9600
17200
8600
9600
4300
13800
6700
9600
8800
4800
17500
12100
12500
18700
7800
9700
16700
3900
10000
6700
8200
13900
3900
13700
10600
5100
6300
10300
13600
16400
8500
9000
7600
4800
9300
8200
13700
8200
5900
12500
5900
6500
3600
9000
8000
9400
12100
3900
17400
9500
4400
5200
17000
8600
8200
15800
16700
17200
12100
10400
8200
12600
5700
5200
12900
13200
5300
13800
9600
10600
13100
12300
11900
4700
5200
16300
15500
4800
10100
9400
10500
9600
7400
10400
13100
8500
11300
6500
7000
7700
10900
11300
6400
4400
12600
8600
11000
13600
10500
7200
13000
7000
9900
13300
3800
10100
6600
17500
12700
5400
7500
10000
9400
9200
13900
4900
8300
11200
6000
9400
9400
14500
17400
8800
17300
6700
8300
7800
14900
15100
17800
14800
14500
8900
15600
4000
16500
13300
6200
16600
10900
5500
11500
17900
9900
9000
10200
7500
4300
12700
13800
6900
3400
5100
4600
7700
11100
9300
15100
8700
4600
4800
16800
15400
18100
7200
12900
5400
5000
7600
14700
5300
6600
3700
4300
4900
10400
16600
3400
14500
3400
5100
4600
11100
9900
12800
17600
16500
14200
14700
9100
10800
14500
3400
5400
5500
16500
13100
8500
3900
5800
15400
18000
3600
4600
17000
12600
11500
5900
12600
8000
7200
5400
6000
8700
8200
14300
15300
10100
10800
5600
14900
9800
14900
16300
6000
11600
12300
9400
9200
10500
11600
10900
12000
7900
11500
13800
5200
5900
3700
16300
7000
11400
17300
8000
8300
16600
4800
8000
11000
15200
8500
6000
6400
9900
11100
15700
6100
12900
16500
12000
6000
10500
6100
7200
4900
17700
11300
11000
5900
6100
10700
15600
15100
7200
13200
4500
14100
9200
15900
7800
17200
9000
8100
17500
13600
11600
4900
6900
4900
10200
13500
10500
10700
12100
13500
16800
11800
17000
6600
15400
15900
17200
3400
14200
6400
17200
6000
7900
8100
3900
9600
5000
15000
9800
14700
13800
10600
14300
15900
12500
4100
7600
4400
8900
5300
13700
6200
16600
14800
13700
9500
11600
17500
17200
7400
5900
17600
14500
14800
12700
5100
6200
10100
6600
9400
9700
9900
8300
16100
9100
11500
10500
10200
15500
7600
12000
14900
6000
16000
8300
11300
13100
12000
5900
8900
13200
14900
3900
9900
15600
5400
3500
15500
4400
4200
13500
14500
8700
14200
16900
11300
8400
7600
11100
6500
4200
8600
4400
4200
10400
8800
14900
5100
8200
5100
4900
12400
10200
5100
8300
17700
3900
11500
4300
10000
6400
9000
10700
6100
14300
6800
8400
10400
12100
3400
17100
11000
15900
15800
7700
17700
20100
6400
17800
10600
6500
7600
16600
7200
7600
17000
13400
14900
4900
15000
10400
5200
17100
7900
9800
5000
11700
10200
10700
12100
8800
16700
10400
7500
6900
6100
10000
17500
9100
13100
5700
15800
9500
11100
8900
14800
18000
13600
10900
10200
10700
3500
14200
11400
14200
4000
10800
7400
9900
7200
15300
11200
9400
16400
8400
13700
10000
7200
14100
14200
7000
13400
27000
37500
10400
41400
28200
27800
45100
27700
25200
22800
27500
38400
23800
20000
44500
21900
30100
23100
21300
27000
17700
10400
11700
22500
18200
21500
15200
9600
16800
6200
9400
12600
8800
4900
3900
5800
17700
18200
15000
7300
17600
22600
9100
16700
5600
20900
8100
22700
13300
18900
20200
10300
11300
7300
16000
5400
15000
13400
16900
22200
19700
22100
12600
7900
19300
11300
10900
14100
23200
4000
10200
16400
10800
14200
15200
10800
17000
7700
13100
8700
16900
12900
11200
4400
8300
7100
16300
9000
13100
5700
7200
15700
16500
13500
4300
4200
9200
7300
15300
17200
13200
15000
16700
9800
10300
5700
11000
3400
4200
6400
7800
9500
14200
17300
5600
8500
6900
10500
8400
17900
6900
7500
8400
4400
8000
9200
17400
15900
15600
9100
16500
6600
3500
11700
6200
6500
16300
5400
14100
3400
8500
13000
16200
6100
13100
7500
12900
14000
11300
10300
14700
6900
12600
11000
7800
14400
17400
16900
11100
4400
6100
12900
6800
5000
5300
7700
11000
9200
6400
16500
16900
6700
11800
13800
6600
12200
5100
14500
13200
8600
13000
10900
15200
17500
7300
13800
11100
13500
13800
11600
4500
6600
7800
3500
7300
17700
9700
14200
11800
7100
14100
17200
12600
6600
13300
17200
12700
17300
13900
16600
5100
9100
14200
16800
4900
11900
16100
17200
4900
3300
8800
8600
13400
6100
10300
14100
4900
14400
15900
12100
4900
8000
9400
17300
5200
4900
8500
8500
11200
8100
3500
16100
10100
12900
6900
10500
9500
5100
15300
7900
16200
17300
5700
6900
7000
7700
8800
13800
17000
11700
5800
17600
17300
7500
13300
8700
20900
8400
16400
11100
7600
9800
16400
8900
3100
10400
14500
14300
4800
9400
9500
8700
17200
12400
6200
12800
10400
5600
9900
12900
6100
5800
15100
14800
13300
9600
3500
6300
11100
16000
12100
17000
5600
4100
5400
11200
17500
8600
10100
4600
4000
15300
6300
4100
5300
4500
13100
7700
8300
11400
16900
15200
9500
15700
7000
11300
10000
4400
4200
13400
3900
8800
7600
12500
11700
8900
12600
5400
8600
12000
11400
7200
7400
14100
10400
10500
16200
7900
6000
3700
6100
11500
8800
19500
9100
8900
11300
5300
15300
12400
13300
5400
5800
4100
13500
5100
8200
3600
8600
12800
17900
4900
7300
8000
17300
16100
4500
11500
18900
14100
6400
17600
8300
7300
7000
12800
12000
8000
13500
6400
6300
7700
11000
5200
13700
17200
17500
14100
9600
13800
5900
4900
16900
4700
13500
9900
5400
7100
9700
5900
12800
15700
4400
15500
3400
9900
4300
16100
6700
17200
16200
7800
15100
14600
7900
17000
4800
13300
13000
6300
6200
15200
10200
9900
14200
10700
4900
14000
11200
11300
14900
14200
15000
4500
7400
13700
9300
4400
15900
6800
6600
7500
11900
9900
7200
12600
16700
6900
11400
14100
15200
11600
11600
6400
16300
15300
6800
7600
8800
12900
9800
16200
10000
7300
6800
20300
8700
9500
17600
10100
9100
17300
6600
9600
10600
11500
4100
14200
4800
4500
10500
6200
17200
8200
10800
11300
13600
14800
3700
15400
10800
10400
7900
16300
11300
8400
14100
10700
16600
12500
5600
7900
10000
15600
4100
3800
12800
14200
4300
6500
4400
12400
13500
4700
8700
10500
13500
12400
13000
16500
12600
10600
14600
17800
14200
5900
11000
7600
16900
7300
15600
14100
4600
12500
13200
8300
7000
4300
15300
13200
16600
17300
8500
16000
11600
5000
3600
15800
10600
14400
6200
9100
15700
6000
7400
7000
13600
12100
10600
14400
4700
17100
9300
4800
4100
7700
15100
10900
13000
8500
6700
11700
11900
8400
13900
12700
18000
3900
16100
13300
14400
4000
16900
8200
11800
7100
3200
7700
3500
3800
15000
6200
14600
12200
15900
6400
14100
10800
4600
14300
6200
11500
6300
16000
5600
9900
10900
15200
7000
4700
7300
16100
7400
12000
10000
17200
6200
4200
5800
7600
12900
4800
16900
9600
3700
16900
4700
10000
9800
15800
16100
8600
13200
4100
3500
10100
6300
12400
7700
6200
13800
9100
8200
4300
17500
4200
15200
8300
7300
10500
7100
11900
14600
4100
8500
8900
4700
9400
4900
7700
10000
6200
13000
8100
6200
8700
14100
9000
14900
16300
6200
16600
6000
5500
14600
10300
5600
11000
15200
7700
8100
5000
15300
14300
6600
6900
14900
10000
13300
13100
7900
4900
8800
12000
16700
17300
12600
16600
5200
9800
7300
9200
9500
9300
11600
8800
15800
8900
15800
6300
4400
3400
9700
10700
7000
10600
6400
5500
6300
3400
3300
17700
7200
16400
4500
9600
16300
4800
12600
12300
10800
5200
5100
17700
13000
12200
9900
17500
5000
13700
12300
8000
7800
5000
3700
5100
6700
10800
11100
3500
4800
5900
5500
8600
7700
4100
14800
12300
10900
16800
16400
10300
15800
6700
5100
18100
7300
15900
7200
5400
15300
11200
11900
15100
8100
9800
16200
6000
11700
16000
3400
5200
10100
3300
10500
5700
7300
16200
7100
5600
13800
4000
10100
13700
17300
6800
3300
8500
13500
16900
15900
14900
9500
7700
17600
3900
7100
10400
8600
9600
11000
12500
3800
16300
12800
6400
4400
10300
15600
9600
16200
13700
6600
5900
15500
13100
5000
6000
10200
11800
10700
12000
5300
9700
4600
15900
11700
8400
8700
8800
12600
11700
5300
4000
6900
8200
8000
4700
14100
13600
9300
17700
11000
17700
14900
16900
9200
10400
8000
9800
7700
17000
15600
17000
8500
15700
5700
8400
5100
9700
3700
7500
3700
14700
6800
12100
9800
12600
5500
5400
6400
5000
7700
6200
10100
4000
11800
14100
6000
6900
8600
3800
3600
6600
7400
5700
8300
14500
17400
15100
16300
3600
17500
10500
12000
8300
13700
3600
12900
10600
13000
6200
9700
11600
4100
16300
8400
10100
15800
8400
9500
6000
13600
5600
11700
10600
12800
3900
14000
10400
3500
11500
15500
13600
8900
17000
4000
10300
12700
12500
12900
8500
5900
4800
12700
11500
16900
4300
5300
13700
14900
10400
15300
9500
15700
7800
17600
13200
14000
12100
15100
11200
17500
13100
3700
10500
17500
4300
5200
13600
3500
15800
7800
8200
3600
3900
14400
13900
12000
16500
10700
3400
16700
8200
5400
15300
17500
10600
8500
4800
12800
7500
6700
13400
13700
12800
5900
17900
6100
6900
11200
6700
10000
10000
7800
4800
5400
6700
8300
4400
17400
14000
5800
8100
6100
6400
11600
9300
14300
6800
13800
4000
9800
11500
4400
8500
10100
5700
9600
9400
14100
9900
12800
14600
14700
5800
14300
5100
4000
6000
5300
6700
6600
16100
12700
4800
6200
14900
7200
3500
6000
12700
11900
11100
17500
10100
9600
11700
8100
13300
5100
13500
16400
7000
8100
11000
12800
11700
5900
11100
17600
12200
5600
8800
9000
15500
10300
14400
10600
12900
9700
17700
8000
16400
13700
3700
6800
8900
16500
11000
12600
13800
9300
16500
10900
12200
13000
15300
10000
14500
8500
9100
4500
15600
3600
19900
3900
6800
10300
8300
6800
5700
4400
3500
5200
4200
10500
12400
3700
12600
11400
9200
15100
16300
5300
3700
3500
8700
11400
5500
8000
8600
7100
7700
12900
13100
8400
5000
4300
3300
9200
7400
10500
4400
4200
5500
15200
15500
4100
5900
16500
14400
9600
20700
13600
7900
7900
8600
15900
12800
4000
10600
8100
14900
12800
5600
10800
4700
4100
13600
11600
14600
11000
11700
8700
13700
10000
7700
15000
5000
7300
17100
5700
11100
3800
9500
11100
3900
6900
8600
9100
3900
15400
15000
16800
10800
15800
15000
6700
14700
9500
13900
12300
15800
13300
5100
4600
9000
14900
6200
5400
15800
16700
10100
17400
3500
16100
17700
8300
6000
10000
16700
3600
17400
16000
6300
3900
5900
11300
6100
7600
11200
10900
4700
8400
11000
9200
13400
17000
11300
13900
7600
5400
6900
6300
6000
12800
7900
5500
4100
10700
10500
9200
5500
12800
12600
14800
10300
7800
10500
15100
4000
10900
11400
4100
16200
14900
4000
13100
12300
12100
11300
6200
14700
4600
10300
12900
7400
5500
9600
3300
3900
9900
10600
6600
8200
7100
14200
16400
17600
5700
4600
13600
5500
17500
10800
17000
14300
5500
7600
14300
4400
8400
13900
5900
14400
6900
5400
13900
11600
12800
17100
15200
6100
13000
11300
16400
9600
6000
13800
11700
10500
8700
8600
5000
5600
12100
16200
16400
6000
3800
5800
16900
6200
7700
3600
16800
13700
16400
9400
10100
15400
17000
10000
6000
9300
8500
9400
8500
8200
4900
6500
3700
9400
6300
3900
12100
7100
14500
13500
5300
11700
13400
17400
3300
12600
7700
4800
14200
8100
5200
15000
7700
10200
4600
18300
13400
15700
10300
5100
9700
3500
3300
6000
9200
5500
12000
3600
11900
16400
15300
13300
4700
14100
12700
4000
9200
10200
4300
10900
15500
4500
5200
5400
9300
12100
5900
8800
6600
7600
6900
3300
15000
5700
11900
7200
10500
15800
5000
8200
10200
7500
10800
7500
4800
6000
3400
5800
11600
8800
5900
3800
16100
12400
16300
16100
13300
7900
13900
6000
6700
5600
10300
9000
12900
17600
13800
17200
10100
16300
12800
4900
10800
16100
13200
15900
13000
16000
13200
8700
9600
12900
8300
9700
14200
5700
7500
5300
15600
4600
4600
16200
3900
7800
16400
14700
10000
8000
13000
16600
13000
4500
16600
6400
4300
15300
12600
9200
10900
7200
16300
13800
15100
5500
4800
4300
9000
5900
7500
12900
12400
8600
8600
11200
6900
4900
5900
6400
6900
4800
13100
6600
7200
9500
8300
16100
9500
10600
13900
13800
17600
14700
8700
14500
14500
6400
11300
5000
9200
17000
17600
5300
17400
16200
6100
8600
16500
15400
8000
17700
7400
13600
8200
16300
9900
5400
16900
14600
13300
12400
4100
7700
9700
15500
17100
11200
11300
5800
5100
6600
9800
11800
9000
4500
5000
13600
13300
15400
22000
9800
3500
4400
4200
12500
11800
13300
5400
7900
16000
5200
14200
6900
14800
6300
11100
17600
8700
6200
4600
13800
4800
17400
3700
10200
17500
11400
6700
5900
12200
5500
14400
12800
13300
11200
14700
14900
9300
6500
10500
10000
15400
6800
12400
11000
6400
11000
17000
11500
10000
4400
16800
11400
14500
4900
13600
8400
8800
15200
11100
10400
8300
13200
10300
17000
16200
9400
3500
17500
6300
7300
8200
16200
8100
14800
5600
7100
3900
16600
12600
17300
13700
7800
4600
9800
5000
16300
16800
6300
5000
7700
10800
10600
8700
16900
10800
17300
3600
10600
8400
10000
16100
16600
11600
6900
12100
10300
14900
14100
11300
15100
7000
10300
11100
8600
9600
4600
15400
13100
13500
7800
14900
5400
7900
11800
6100
15100
5000
14400
11200
12600
10100
7600
6900
8300
15100
14900
11000
17300
5300
3800
14400
13200
3600
20300
4200
14700
4100
4600
14300
5700
11900
10000
15400
3500
15300
9100
16600
16300
17500
11300
11100
10400
12900
7800
14500
13100
11300
11800
7900
13500
7800
16900
7500
16200
5100
10400
9500
3700
6600
16000
12000
6300
3100
10200
7000
4100
12000
11200
17500
12700
9600
6400
11000
11400
13500
3400
8100
8400
16300
7300
15500
21100
13400
7700
8600
8600
11200
4200
7000
6800
6800
5000
17600
10900
5800
12300
5600
14300
6800
11500
11500
9700
7400
10100
11000
15200
11500
7900
7600
9800
13600
16900
11900
3400
9100
17200
11100
16500
15500
8300
4900
5200
11200
6100
10500
15500
15800
12900
14000
15200
15500
7200
5800
6000
14000
11000
12600
17100
13000
5900
3700
11200
5700
12000
6000
14400
6500
5600
5600
12100
10600
14700
10200
8500
12900
6700
14600
14700
4400
4200
3900
8600
7900
9500
6200
17000
12200
4300
13700
10500
12100
4800
4400
5400
6500
14000
6700
12800
11000
9800
7500
10200
3600
12000
8400
3900
13000
11500
10900
9500
8500
6600
12400
8100
7100
7500
6500
14900
5300
10800
11200
6600
12700
11300
15500
16300
8000
3700
10500
10900
12900
11300
4100
14900
16200
10900
12100
5100
6900
5000
9700
4600
10800
14000
13600
15600
7400
3500
10400
11500
8600
11000
10300
5700
17100
8500
13000
11100
9000
16900
4100
12600
7200
6900
13300
11900
3700
18300
5900
12800
10900
13100
9100
4400
6400
8400
4000
4300
17200
15200
6900
14100
5800
6200
4100
16100
6900
3300
9500
8100
14100
17400
14300
12300
5200
8500
17100
3700
16200
17400
14600
8300
7000
6100
12300
12400
12400
14000
8700
10300
14900
11500
9300
4100
11000
5400
8600
10400
8600
4500
7100
16800
11800
8200
5600
15500
7400
16800
7000
7400
13700
8000
12000
7800
18000
17400
15100
17200
3300
17100
11900
5300
17400
8800
15500
17000
9100
11200
4600
3300
4900
12400
7500
10400
9100
5700
14200
8200
5500
12500
15800
14900
17100
6600
13300
7200
5900
6800
7900
4500
3400
8100
15900
5700
9000
5200
5200
13300
4000
6600
10800
8400
6400
7600
4800
9400
11400
12800
14400
9400
9200
13000
10400
7300
4000
5300
6900
9300
6000
5900
6600
11100
16700
14700
13900
6800
16400
8200
9800
12700
11000
5100
9300
9400
5000
11800
10300
6800
8900
4900
9800
12300
17100
5300
4100
8000
10300
6500
8400
4700
6400
12400
7100
8700
6400
11200
7300
9700
4000
4400
7600
4300
12700
6900
13200
6000
11900
3300
12700
5700
17000
7000
8600
14400
7000
17300
5000
17000
6700
9700
8800
13100
3800
10300
14300
11200
10300
13000
9200
13100
13800
5500
5300
11500
13400
11400
7900
6000
6200
5200
14900
5900
15700
4500
14900
11500
11500
6000
12300
4100
7900
12300
13900
16200
8600
5400
7400
16200
13800
10100
6400
14400
17600
3900
17500
10700
11400
10500
4700
11200
12100
3600
10100
6700
16000
8300
8100
8500
5800
14500
12800
13800
9500
12400
6000
3700
4500
7800
11400
4200
6600
13300
12600
3600
9100
4600
13600
9400
4100
10000
14500
5000
3700
4100
10000
12600
4300
4500
15800
6500
10800
13500
5800
15100
8200
17400
11200
12000
6600
4700
13400
10900
18300
8800
11000
15000
4000
3400
9200
15500
16400
9500
7100
13900
6900
4300
4300
16600
4800
16000
8000
3400
10000
9900
17000
16000
7700
7000
11400
14600
13500
7400
13400
11000
10900
3800
8200
11400
8600
13000
13500
7500
6500
7700
4900
3900
13600
4900
9100
5400
7500
11400
9100
13900
14900
7400
9700
3400
10300
9800
16300
10600
3900
16600
4500
16700
5500
13400
4500
9400
3900
12200
7900
15100
10600
5700
8900
12200
10100
15100
6000
18900
8500
4300
12000
9900
7000
4900
4500
13800
7100
15100
7400
8300
6400
12400
7200
12900
16700
4200
15500
3500
7700
17900
7000
11200
13800
5000
4300
9000
9200
16800
4200
16200
8500
8100
11200
15000
13600
8600
4200
7800
14100
8400
15400
5000
4700
11700
12200
8300
9100
14100
16400
9900
11700
4700
12000
3800
16300
15700
8400
3600
9000
12700
3400
4800
10900
8200
12500
15000
5600
7600
13600
15000
16400
6700
15900
8300
12000
9300
4800
11300
15500
6900
5200
7000
14300
17000
4700
9700
7000
14400
16400
3600
10600
7100
14000
15800
4200
5600
13800
14000
3700
7100
12600
12100
13300
16000
8900
9800
6500
10500
15500
7400
4100
6200
7200
7900
12900
13500
8300
5400
11300
16300
8700
3700
5000
7900
16400
15700
10700
5100
14400
4900
20800
15500
6800
8200
9100
3400
10900
10400
12800
10700
9400
15400
12800
8500
9500
12100
14200
6700
13100
6100
14400
5000
16000
7600
10800
14800
11400
11600
14800
16000
13200
16200
16200
15400
7900
9000
15300
17200
11800
16000
15900
13800
8400
3700
9500
15400
10900
3500
9100
12500
12100
5100
7200
6900
14300
6000
6600
17200
14100
14100
8300
4500
9100
11200
15300
13300
3500
15100
5100
6700
3500
13700
5100
11200
7200
14800
10900
7100
9400
8800
19500
42700
28000
10600
22100
30200
17100
27500
32700
29900
21500
23400
38400
10500
29000
9400
27400
31100
16700
39300
13100
45100
27700
17200
41400
36700
8000
35000
31600
18800
38300
18500
36400
40700
20100
8600
19000
16800
11200
9200
15600
10100
9200
9100
14800
15800
14100
13000
19800
9900
19900
19000
4000
18500
13700
5300
9200
19000
3800
8900
5700
6400
4500
9300
16400
6100
17500
18900
9900
14600
7600
12200
17600
18000
11500
10000
19200
9300
14600
14500
14800
13600
13200
7300
8200
17800
5600
14000
9600
18600
8900
6800
4000
8000
12400
9100
11500
17000
9300
11600
12800
4000
16000
7100
5000
7200
14200
4500
3900
12300
4300
8600
6000
7600
17300
11600
14900
11900
18600
11300
6400
16100
19300
6300
5000
13800
13000
18800
7400
6200
10000
19900
11200
15800
4200
8100
5100
17200
7900
17300
12000
15400
11500
12900
14600
5600
10100
5500
10100
12800
10000
12600
8500
7300
12000
14700
17500
7500
9100
7300
11400
11600
3700
15100
19600
11700
4000
3700
15700
5200
5700
15900
17900
15100
4800
15300
7100
11900
4000
18600
5600
16100
13900
17900
13900
11100
14900
6600
17200
7200
8700
14600
14200
12000
15600
13800
6100
18300
13300
8300
14900
7500
7800
8000
13600
6700
11100
5600
15000
6400
19300
18900
17000
17300
18000
6800
14800
8800
17800
18300
16800
7700
5100
6200
10400
18100
5900
13000
10700
8500
20000
10000
7400
7600
9200
19800
17200
11800
17400
8500
7300
10900
17500
7600
11700
19100
19500
13100
12800
17100
14500
8500
5000
19000
19100
6000
9000
16700
5100
15000
7900
4500
18900
10600
11100
5000
9000
15700
15000
19300
11000
12400
19900
5000
15400
15500
10800
7100
6300
19800
10800
6900
9000
12000
19900
4500
11500
14600
4000
8800
5600
12500
12200
13900
16700
12900
6900
16100
8100
13700
16500
15000
4900
17900
17100
14800
12400
10800
8800
11000
10800
4100
3700
14900
9500
15100
17300
10900
19500
7500
6800
11000
15900
7700
12200
15500
16800
7600
3600
17900
6400
6900
5000
4800
6200
10300
13300
18900
17600
19600
10700
4100
14800
4200
17000
7700
5500
11900
8300
5300
7800
16500
17800
8200
13400
12400
11900
12500
5900
14600
12600
5600
15300
9300
7300
18000
16900
12000
17300
19800
6700
6600
9500
13200
15300
6000
6800
19500
13200
18200
8500
20000
15200
7100
9200
5700
10300
9200
17300
9000
13000
4000
6500
12500
6800
13300
5100
7900
8200
16700
5100
12900
13300
17700
19600
14300
14300
8700
11700
16500
9700
4700
4400
13300
11800
19200
18500
11200
8700
19700
19100
16600
11400
10600
9300
19100
18300
18700
19500
15600
4500
19700
19200
5600
11500
8000
7200
12900
12600
12900
6800
9300
7100
14800
15800
8100
7400
5300
9900
20000
13900
4100
12700
11100
11200
18200
18100
16400
13300
7500
19300
6800
9600
10700
4700
17300
6100
17400
17900
15700
14100
17000
7400
5600
5200
16900
17200
7700
16200
5700
5100
11800
10900
4800
6800
4400
12700
16200
4500
4100
7300
11300
15900
8500
8500
10900
12200
17400
18700
7400
9800
14900
7800
5400
9400
7100
14600
8600
15000
