4500
6900
10600
7400
6900
7100
3900
5600
8500
5000
5500
6600
6300
4600
7100
4700
5300
6300
7200
4400
6700
5700
3500
4600
4000
4000
5300
6900
7100
5300
3600
7100
6700
7000
7000
5000
3700
4900
5400
6200
5300
6900
5800
4700
4100
5400
6400
4800
4100
3500
5700
6800
5600
7200
4000
5900
4400
5600
3500
3900
4100
5800
5900
5600
4600
6400
3700
4100
6200
3400
6200
4200
5400
5800
5100
6200
5200
6400
4800
5300
3800
5500
5500
3300
6700
3300
5700
6000
5200
5500
4700
6800
3900
6100
6400
6700
6600
5800
5800
6800
6200
5900
4500
5000
6500
6700
6900
6900
7100
7000
3200
6100
16700
7400
4000
5300
5700
5600
7900
5300
5800
6600
6300
6000
5000
6800
4900
4400
5900
4900
6100
7400
7000
6500
3500
3600
14800
7400
14100
2900
3200
2200
2900
3400
3300
2300
2200
2700
2900
2400
3100
2800
2500
3000
2200
2900
2700
2600
3500
3300
2400
2300
3300
2600
3500
3500
2900
3200
3300
2800
3300
2700
2300
2300
3500
2400
2700
2300
3300
2900
2800
2500
2400
2200
3000
2500
2600
2800
2800
2600
2900
3100
2100
2400
3400
2500
2800
3300
2900
3200
2200
3200
2500
2900
3400
2200
3300
2500
2800
2800
3000
2900
3200
3000
2400
3600
3100
3200
2700
3600
2400
2400
2500
3500
3100
3400
3400
3300
2500
2500
2500
2600
2500
2300
2400
2500
2300
2400
3000
2400
3000
3100
2400
3000
2200
2800
3100
3300
3500
3100
3000
2400
2600
3400
2300
3100
3400
3400
2500
2900
2100
2600
2700
3300
3300
3000
3200
2100
2500
2200
3400
3200
3000
3000
2500
2200
2600
2800
2600
2500
2700
2100
2900
2600
3000
2700
2100
3000
3300
2400
3200
3100
2800
2300
3000
3000
3000
2200
2600
2400
3200
2600
3000
2900
2200
2900
2700
3200
3100
3100
3000
2400
3300
2500
2200
3000
2700
2800
3300
3600
3000
2000
2900
3200
2400
3400
2900
3100
3300
3100
3300
3200
3100
3400
3400
2900
3200
2700
2400
2800
3200
3200
2700
2600
2100
3000
3200
2200
2600
2600
3000
2400
2700
2400
3300
2500
3300
2700
2300
3000
2700
2400
3100
3200
3000
3400
2100
2100
2900
2500
2700
2200
2100
3100
2900
3400
3000
2100
2900
2700
2400
3100
2400
3400
2600
3000
3000
3600
3500
3500
2500
3000
2600
2700
3200
3400
2400
3200
2800
3300
3300
3100
3200
2800
3300
3300
3000
2800
3200
2300
2300
3000
2600
3000
2900
2800
3100
2400
2800
3200
2900
3200
3000
2100
2800
3400
3500
2500
3200
2800
2500
2600
3400
3300
2600
2900
2300
3700
3200
3000
3300
3100
3000
2800
3000
2700
3100
2300
3200
2400
3000
2600
3300
2600
3600
3100
2500
3100
2600
3100
2800
3300
3600
3200
3000
3200
3000
2500
2400
2700
2400
2900
2200
2900
3300
3200
2100
2800
2800
2700
2600
2700
2600
3200
3200
2100
2300
2600
2900
3000
3300
2900
3400
2300
2200
2500
2400
3100
2100
3200
2700
2500
2600
3100
2400
2100
2200
3200
3000
2000
2500
3000
2700
2500
2100
2700
3200
2700
3100
3600
3300
2100
3300
2500
2400
3000
3100
2900
2300
3000
2300
2500
2700
2900
2800
2500
2600
2300
2500
2600
3300
3400
2500
2400
3400
2500
2900
2700
3400
3000
3300
3300
3000
2800
3200
2400
2500
2300
2700
2000
3200
2500
2400
3200
3100
2400
2000
2600
2900
3200
2300
2900
2200
3200
2400
2700
2700
3600
2600
2600
2600
2900
2400
3300
2400
3300
2800
3200
2600
2300
2400
2800
3000
2800
2600
2100
3000
2900
3100
2300
2700
2200
2200
2800
2100
2600
3200
3100
2600
2700
3100
3100
3000
2400
2600
2500
2500
2200
2700
3300
2400
3300
3400
2000
2800
3100
2400
2400
2200
2600
3300
2700
3200
3300
3300
3400
2800
2400
2800
3000
2200
2500
2900
2400
2800
3000
2900
2400
3300
2700
2600
2200
2300
2200
3400
2900
3200
2800
3400
3200
2700
2000
2100
8700
2400
2200
2700
2600
3200
3100
2800
3300
2600
2700
2100
2400
3100
3000
2800
2600
2700
3500
3200
3000
2100
3300
3100
3200
3000
3500
3600
2600
3200
3100
2700
3200
2800
2600
3400
2800
3300
2500
3300
3000
3300
3500
2700
2400
2300
3200
2500
2300
2500
2900
2800
2800
2600
2700
2300
2300
2900
2900
2600
2900
3000
3100
3400
2900
2600
3500
2400
3400
2200
2600
2400
2600
3100
2800
2700
2600
3200
3300
3100
2700
2700
3000
2100
2800
2400
2600
3100
2700
3200
2700
3000
2300
2600
2300
3000
2500
2600
2800
2400
3000
3000
3100
3000
2200
3300
2600
2400
2900
2200
2700
3400
2400
3200
3200
3200
2400
3100
3100
2200
2300
2600
2700
2400
2300
3100
2500
2500
2600
2800
2800
2300
2100
3100
3300
2300
3400
2900
2400
2300
3300
2900
3000
2800
2500
3200
2800
3100
2100
2900
2600
2300
3300
2700
3100
3200
3100
2400
3000
2900
2400
2600
2600
3300
2600
2500
2200
2600
2900
3000
2300
3100
2400
2200
2600
3300
3300
3300
3300
3300
3000
3300
2300
2400
3400
3200
2900
3100
2700
2700
2900
3300
2700
3100
2900
2100
3200
3300
2800
2800
2700
3000
3000
3300
2800
3300
2700
2200
2400
2500
2100
3000
3200
2500
3300
2300
2600
3000
3100
3400
2900
3100
2500
3400
3100
3400
3300
3100
2400
3300
2300
2500
2800
2700
2800
2600
3400
2500
2600
2800
3000
2700
2400
2300
2100
3100
2300
2500
2800
2600
2200
2800
2300
2100
2800
2700
2200
2400
2600
2600
2600
3200
2600
2800
2800
2100
2700
2600
2600
2300
2800
2300
2200
2800
2600
3100
3400
2100
3000
2600
3300
2500
2400
3100
3200
2200
2800
3300
3300
2900
3300
2600
2500
2200
2200
2400
2300
3200
2300
2400
3100
2100
2300
2600
3200
3100
2300
2700
3300
2300
3000
2500
3400
2900
2900
2900
2700
2400
2700
2900
3200
3200
2500
2400
2700
3100
2500
3300
2300
2600
3100
3100
2900
2700
3200
2200
3300
