5900
4100
4300
6200
5300
4300
5700
5700
6000
5600
4300
5700
5700
5700
5400
5900
6100
5400
4700
5200
4700
6000
4700
7200
6200
5600
5400
5500
5800
5500
5500
5000
6100
5300
5000
6200
5800
4800
4700
4500
4900
4500
4600
4200
4600
4100
4000
3900
4400
3900
4000
4100
3800
3900
3700
4200
3900
3900
4400
3900
3600
4000
4100
3600
4000
4000
4300
4200
3900
3700
3700
4200
4100
3900
3900
3600
3600
4000
3900
3800
3800
3800
3600
3900
4100
3800
4000
3600
4200
4100
4000
3500
4000
3500
3400
3500
4800
4200
3900
3800
