8073
5083
116
1034
2460
1383
9726
4954
6817
7194
6074
2725
3071
7049
945
7133
5059
3156
611
7393
1204
4392
9502
6796
8297
8179
4668
1036
385
4474
8794
233
1064
798
410
5599
8927
6308
4932
2074
4756
701
2939
6102
7703
4279
2133
5936
8465
9140
3985
821
5241
11
7830
3053
6770
3961
9077
8374
8002
3235
2960
3931
6546
1788
9106
7660
2689
9544
1911
6937
4060
2961
4919
1871
4780
1254
5633
4655
8040
4023
4116
9442
938
9560
3913
3438
4778
4123
5938
592
8074
2288
1848
1122
2510
3451
3431
696
2363
2831
6422
5410
1876
1361
892
858
49
401
9785
2316
3726
1046
9735
6358
5440
5669
722
7539
5079
2898
3676
4744
6876
1932
7658
7619
3605
7336
3240
691
1430
1327
9720
9568
8841
1989
4749
4348
1987
8218
6323
2172
1437
8939
8627
6655
5213
7958
3560
4800
7235
3093
9591
3142
6761
7216
109
928
7328
7676
935
6055
1369
24
3619
3521
1308
7416
1461
6432
9345
9083
541
9300
5755
9064
866
4154
4662
7788
8092
9378
4083
6904
6216
3879
4453
7273
3973
1823
9550
9246
867
5898
5089
1005
4361
2017
9080
567
6626
4112
1275
9469
1413
7271
7200
5344
4849
4210
3750
4929
9518
1388
3705
2912
6991
1791
8920
8148
7381
1171
4536
1443
1060
1389
8122
7914
7711
7634
7851
8986
7418
8137
8766
8011
4321
7529
2074
3289
7258
4208
8637
4108
2592
2250
741
2584
4490
7134
5393
1771
7761
2272
246
23
7372
2963
9114
5485
6951
769
583
2598
1466
9282
6579
8535
13
1934
2464
1683
6905
8872
6662
4736
5285
6024
5419
9281
5845
5675
3069
5107
8744
1882
904
7855
1637
2097
5384
7708
2772
2467
2179
8841
6159
7544
3461
6126
3095
4042
8203
6841
6088
2137
4144
2421
3673
7034
680
6934
9130
2639
6512
4084
2667
646
3280
9536
3493
1131
8301
717
3889
2395
1509
2243
209
1319
2955
1796
988
3666
1098
6857
7905
3784
1309
2713
6265
6388
9574
2291
1071
8406
6564
6764
3330
8310
5240
7039
1809
6076
1359
4912
8257
4789
5643
7658
1449
1342
2978
825
9232
8697
4901
7964
5976
8733
9436
1905
3787
107
2312
8863
3479
5363
6948
4809
8852
2320
7209
4379
4166
437
1452
241
7542
4605
6470
6402
3024
1110
8101
2720
5341
274
2603
4058
1167
5379
1979
1599
3812
5034
2370
8857
8124
4839
7230
3326
5133
6295
3297
8037
5411
962
4344
1875
3038
9239
5880
446
1006
9031
3783
6391
7548
6483
2037
2294
7782
3747
8721
725
1900
4772
2484
4228
4060
4865
3260
6541
3207
9311
2963
8071
2898
6490
1860
6758
643
4832
7369
2610
6413
2520
5286
2644
121
3439
3958
2555
4813
6889
8939
4941
8752
4247
9248
5031
2550
1830
9459
3596
5030
6764
5152
5544
4970
1486
2939
8172
8706
4546
3113
2983
1134
4394
2003
9079
8497
6939
7462
2683
8762
1352
4229
6893
5673
3335
7335
8951
8509
2070
3832
9217
6904
3138
5247
7275
8285
5314
402
4754
811
339
1355
9394
494
6417
7825
3788
1284
3081
7791
3197
7335
6261
4923
4653
5012
6830
6551
8918
7410
5653
198
214
5971
7974
1132
6027
3396
5033
259
3572
670
854
3025
4264
1283
7056
7094
7249
5826
9423
3048
6332
7295
1248
2479
7882
8907
5713
3833
1595
7498
3630
8175
1114
6720
4714
4405
81
6158
5832
5233
3012
7032
399
6985
430
5705
792
6144
8228
7380
3903
3702
3421
5400
9364
3256
3692
1778
7317
5278
8599
8981
3962
8944
5611
1663
1220
4656
4227
3484
1970
1673
7922
5049
6914
6232
8854
5847
17
7288
1038
110
9359
5859
1615
6591
7398
8116
5515
1145
5261
1363
1514
1646
128
4048
6727
4809
2967
8469
6310
2500
7833
4266
2408
2375
7107
1268
7257
4715
7498
7667
8639
43
4338
1451
3605
205
449
4448
9244
9011
5541
5972
8600
4068
5601
1185
2050
4585
679
5431
5009
8944
7191
2671
3646
2882
5503
5008
348
1803
2088
8466
2911
4221
3068
4329
578
1293
7415
2808
2706
5863
3241
4338
7498
1146
5897
1696
7382
1877
3000
709
377
5542
7788
9182
1542
7391
8209
6948
4068
4134
3923
5590
6036
7686
7618
4601
4342
6387
4746
3183
3989
538
4669
6675
870
8057
119
9004
7505
7460
6799
1966
3671
6170
6353
1336
1485
1863
5492
6280
2580
8961
4182
7199
6033
2545
5942
2558
5754
3131
7426
6285
7430
3257
6853
5012
4055
7236
3281
3043
2727
2298
8494
585
6160
6695
3074
7401
4665
496
7406
1234
1586
856
7182
2151
2352
8119
8270
6249
6867
7042
7336
2139
6445
6916
5854
3560
4494
7396
9120
1843
731
8778
1787
3369
6708
8933
1059
4164
3464
3925
7027
1347
4449
1876
8790
3237
6029
7228
669
5580
2605
897
2440
7386
3702
3810
6987
6184
6667
103
4959
6143
8483
6808
3305
2709
7476
2771
7915
8871
5244
1422
573
1371
1640
383
2648
2583
7678
8359
823
304
3321
2395
5422
6017
4841
1022
4344
640
2957
9099
1216
832
4559
5013
5500
2477
1599
315
5199
88
5695
7554
6985
5837
8420
2818
1553
6586
633
8034
6192
2381
1355
635
3425
2531
6197
714
2377
657
1226
2181
6631
251
7748
6589
4184
3884
4077
5969
230
6952
5674
2962
3140
5145
6624
7955
8724
1666
7429
6002
3740
6138
7605
3671
7514
8706
3182
4417
8202
8460
6442
5819
5354
704
4933
4211
4097
8248
5077
5115
5357
7586
4145
8253
8473
4337
5088
1326
759
8561
2603
5556
1007
6262
7170
1703
184
8640
4422
774
983
2256
1006
5570
5731
9031
7682
7704
7660
2691
7959
7248
1880
8298
7548
5845
628
1515
7233
4964
567
7455
2579
7270
2334
1988
3639
2967
6024
6555
4971
2984
1653
1074
7139
7184
4202
1889
6618
383
7500
6634
2187
2385
3251
4958
627
8272
73
